ID   Visits   Income   Sex   Age   Size
 1   0   11.38   1   3.87   2
 2   5    9.77   1   4.04   1
 3   0   11.08   0   3.33   2
 4   0   10.92   1   3.95   3
 5   0   10.92   1   2.83   3
 6   0   10.92   0   2.94   3
 7   0   11.19   0   3.66   2
 8   1   11.74   0   4.08   2
 9   0   10.02   0   4.25   1
10   0   10.92   0   3.85   3
11   1   10.77   0   3.93   2
12   0   10.92   0   3.99   2
13   3   10.53   0   3.64   2
14   0   10.92   0   3.61   1
15   0   10.22   1   3.58   3
16   1   10.77   1   3.26   3
17   2   12.21   0   3.66   2
18   0   10.77   0   3.95   2
19   6   11.19   1   3.33   2
20   0   10.39   1   3.58   2
21   2   10.77   1   3.33   4
22   0   11.19   1   3.47   2
23   0   11.19   1   3.43   2
24   2   11.74   1   3.81   2
25   0   11.38   0   4.28   2
26   0   10.39   0   4.22   2
27   0   10.66   1   3.50   4
28   0   12.07   0   3.95   2
29   0   10.92   1   3.81   3
30   0   10.92   0   3.53   3
31   0   11.19   1   3.37   2
32   0   10.22   1   3.14   4
33   0   11.38   0   3.33   4
34   0    9.08   1    3.40   1
35   0   10.02   1   3.53   1
36   0   11.08   0   4.06   4
37   2   10.22   1   3.69   2
38   2   12.07   1   3.69   2
39   1   11.08   0   4.17   1
40   0    9.53   1   2.71   3
41   0   11.08   1   3.81   3
42   0   11.38   1   4.13   3
43   0   11.38   0   4.17   3
44   0   10.53   1   3.56   6
45   0   10.77   0   3.22   1
46   0   11.38   1   3.37   2
47   0   11.74   0   3.04   4
48   0   10.77   0   3.53   1
49   0   10.39   1   2.83   3
50   0   10.39   1   2.64   3
51   0   11.08   0   3.74   5
52   6    9.77   0   3.30   1
53   16   9.77   0   3.14   1
54   1   10.22   1   3.47   1
55   0   11.38   1   3.56   2
56   0   11.74   0   3.93   4
57   0   10.39   1   3.74   2
58   1   11.19   1   3.50   2
59   0   10.22   0   3.61   4
60   0   10.92   0   3.89   1
61   0   10.92   1   3.47   3
62   0   10.39   1   3.37   2
63   0   10.39   0   3.47   2
64   0   10.77   1   3.78   2
65   0    9.77   1   3.71   2
66   0   10.02   1   3.18   2
67   0   11.38   0   4.01   2
68   0   11.08   0   3.83   2
69   1    9.77   0   3.43   2
70   2   11.12   0   3.33   6
71   0   10.31   1   3.58   6
72   0   10.22   1   3.56   5
73   0    9.77   1   3.66   4
74   1   11.19   1   3.56   4
75   0   10.53   0   3.50   2
76   3   10.22   1   3.71   6
77   0   10.66   1   2.89   2
78   0   12.07   1   3.09   7
79   0   12.07   0   3.74   2
80   0   11.08   1   3.53   1
81   0   10.22   0   3.30   2
82   1   10.66   1   4.04   1
83   0   10.92   0   3.37   2
84   0   10.53   1   4.04   3
85   0   10.39   1   3.58   3
86   0   11.38   1   3.43   1
87   0   10.92   1   3.87   2
88   0   11.74   1   3.97   6
89   0   11.74   1   3.00   6
90   1   11.38   1   3.43   2
91   0   10.53   0   3.64   1
92   0   11.08   0   3.93   3
93   4    9.90   1   3.56   4
94   0   11.74   0   3.47   2
95   0   10.22   1   3.53   2
96   0   11.74   0   4.04   4
97   0   11.08   0   3.58   4
98   0   11.38   0   3.09   4
99   0   10.77   1   2.71   2
100   9   10.77   1   3.50   4
101   0   10.22   1   3.18   3
102   0   10.22   1   3.14   3
103   1   11.74   1   3.40   2
104   0   11.38   0   4.29   4
105   0   10.02   1   3.43   1
106   0   10.22   1   3.43   1
107   0   10.92   1   3.58   4
108   0   10.77   1   3.58   3
109   5   11.74   1   3.78   4
110   0   11.74   1   2.83   3
111   0   10.92   1   3.83   2
112   3   11.74   0   3.81   3
113   1   10.92   1   3.37   3
114   0   10.02   1   3.47   3
115   0   10.66   1   3.74   2
116   0   10.53   1   3.85   3
117   0   10.92   1   3.64   5
118   1   11.38   1   2.56   2
119   0   11.38   0   3.76   2
120   0   10.53   1   3.37   2
121   1   11.38   1   3.56   2
122   0   10.77   0   3.40   1
123   0   11.08   1   3.56   2
124   0   10.39   1   3.50   1
125   0   10.02   1   3.61   2
126   0   10.02   1   2.64   4
127   0   11.38   1   3.33   2
128   0   10.92   0   3.83   5
129   0   11.38   1   3.47   4
130   0   10.92   0   3.95   4
131   0   11.19   1   2.83   1
132   0   11.19   0   4.34   1
133   0   11.38   1   3.37   2
134   0   11.38   0   3.64   2
135   0   11.08   1   3.40   3
136   8   11.19   1   3.40   4
137   2   11.08   0   4.17   2
138   0   10.66   0   4.20   2
139   0   11.19   0   4.17   1
140   0   10.02   1   4.17   2
141   1   10.66   1   3.58   3
142   2   10.92   1   3.47   8
143   0   10.66   0   3.61   1
144   6   11.08   0   4.06   2
145   0   11.38   1   3.47   4
146   1   11.74   1   3.83   2
147   0   10.22   0   4.19   2
148   0   11.19   0   3.89   1
149   0    9.53   1   3.81   1
150   0   11.08   0   4.04   2
151   0   10.77   1   3.71   2
152   0   11.08   0   4.20   2
153   0   10.31   0   3.43   6
154   0   10.82   1   3.37   7
155   0   10.82   1   2.83   7
156   0   10.82   1   3.56   4
157   0   11.08   0   3.26   2
158   0   11.08   1   3.93   2
159   0   10.53   1   3.18   2
160   0   10.92   0   3.22   2
161   0   10.53   1   3.33   1
162   16   11.19   1   4.09   2
163   0   11.08   0   3.74   1
164   0   11.19   1   3.26   4
165   0   10.92   1   3.22   3
166   0   10.53   0   3.37   3
167   0   11.74   1   3.74   2
168   0   10.92   1   3.37   3
169   1   10.39   1   3.95   3
170   0   10.92   1   3.40   2
171   1   10.02   0   3.09   4
172   0   11.38   0   3.53   2
173   0   11.08   1   3.53   2
174   0   10.53   1   3.97   2
175   0   10.22   0   2.56   4
176   0   10.53   1   3.66   3
177   1   11.74   0   3.58   2
178   0   11.74   0   3.47   2
179   0   10.66   0   3.56   1
180   0    9.08   0   3.22   1
181   0   10.92   1   3.37   2
182   0   10.92   0   3.78   2
183   1   11.08   1   3.64   1
184   0   11.74   1   3.33   6
185   0   11.74   1   3.58   6
186   0   10.92   1   3.47   3
187   0   11.92   0   3.33   3
188   0   10.53   0   3.37   1
189   0   10.02   1   3.14   3
190   0   11.38   0   3.58   4
191   0   10.22   0   3.95   3
192   0    9.77   0   3.09   1
193   9   10.92   0   3.30   4
194   0   10.82   1   3.56   5
195   0   10.31   1   3.74   4
196   0   8.92   1   3.71   6
197   0   10.77   0   3.58   4
198   0   10.92   1   3.53   3
199   0   11.19   0   3.09   2
200   4   10.66   1   3.76   4
201   0   10.66   0   3.78   4
202   0   10.22   1   3.53   1
203   6   11.38   1   3.74   4
204   2   11.38   0   2.71   4
205   1   11.38   0   3.89   4
206   0   10.22   1   3.50   1
207   1   10.66   1   3.56   4
208   1   10.66   0   2.08   4
209   0   10.92   1   3.37   2
210   0   10.39   0   3.58   4
211   0   10.92   1   3.33   2
212   0    9.77   1   3.26   1
213   0   10.53   0   2.56   4
214   0   11.74   1   3.78   2
215   0   10.39   1   3.56   3
216   0   11.08   1   3.40   5
217   0   11.08   0   2.64   5
218   0   10.77   0   3.58   2
219   62   11.19   0   3.66   1
220   0   11.38   1   4.09   2
221   0   10.39   0   3.40   2
222   2   10.66   0   3.37   2
223   0   10.53   1   3.58   3
224   0   11.74   1   3.61   4
225   0   10.92   1   4.04   1
226   0   11.38   1   3.53   2
227   0   10.92   1   3.43   5
228   3   11.08   1   3.37   4
229   0   10.66   1   3.37   2
230   0   10.92   1   3.47   4
231   0   11.19   1   3.26   2
232   0   10.39   0   3.26   1
233   0   10.02   1   3.50   5
234   0   10.92   1   3.47   2
235   0   10.92   0   3.33   2
236   0   12.07   0   3.85   4
237   0   11.19   1   3.37   1
238   3   10.53   0   3.78   3
239   0   10.39   0   4.13   1
240   2   10.77   1   3.69   4
241   0   10.39   1   3.53   3
242   0   10.66   1   3.97   4
243   0   10.66   1   3.40   4
244   2   11.19   0   3.64   3
245   2   12.07   1   3.89   3
246   3   10.02   1   3.76   5
247   0   10.92   1   2.71   2
248   3   10.02   1   3.14   2
249   0   10.39   1   3.43   2
250   0   10.02   0   3.87   3
251   0   10.77   1   4.13   2
252   1   11.38   0   3.71   2
253   0   10.92   1   3.89   2
254   0   10.02   1   3.22   1
255   0   11.74   1   3.78   5
256   12   10.66   0   3.40   4
257   0   10.53   1   3.61   4
258   0   10.02   0   3.69   8
259   6   10.92   0   3.40   2
260   0   10.39   1   3.83   2
261   0   10.22   0   3.14   2
262   0   10.66   1   3.53   4
263   2    9.33   1   3.04   1
264   0   10.39   0   4.16   3
265   0   10.77   0   3.22   2
266   1   11.19   0   2.77   3
267   16   10.53   0   3.37   2
268   0   10.39   0   3.76   2
269   1   11.08   0   3.76   1
270   0   11.19   1   3.43   3
271   1   10.02   0   3.97   1
272   1   10.02   1   3.85   4
273   0   11.74   0   4.11   3
274   0   11.74   0   3.30   4
275   0   10.77   1   3.97   3
276   1   10.39   1   3.18   3
277   0   11.74   1   3.47   2
278   0   11.74   0   3.56   2
279   0   10.53   0   3.78   5
280   0   11.38   1   3.61   2
281   0   10.39   1   3.43   1
282   0   10.53   1   3.30   4
283   21   10.92   1   3.81   1
284   0   10.22   1   3.40   2
285   0   11.08   1   3.33   2
286   0   12.21   1   3.85   2
287   0   10.92   1   3.56   3
288   0   11.38   0   3.69   1
289   0   11.08   1   3.71   2
290   0   11.74   0   3.87   3
291   0   10.53   1   3.74   2
292   1   10.92   0   3.97   1
293   0   11.08   0   3.40   3
294   0    8.92   0   3.09   1
295   2   10.39   1   3.14   3
296   0    9.08   0   3.04   1
297   0    9.33   0   3.09   2
298   0   10.92   0   3.89   1
299   0   10.22   0   3.78   3
300   0   10.39   0   3.37   5
301   0   10.22   1   3.83   1
302   0   11.38   1   3.22   3
303   0   10.39   0   3.22   3
304   0   10.92   1   3.43   2
305   3   10.77   0   3.99   1
306   0   10.92   1   3.78   5
307   0   12.07   1   3.37   5
308   3   11.38   1   4.28   2
309   1   11.38   0   4.30   2
310   0    9.77   0   3.53   3
311   3   11.08   1   3.50   4
312   0   11.08   0   3.93   4
313   0   10.92   1   3.37   2
314   0   10.66   1   3.26   2
315   0   11.08   1   3.53   4
316   0   10.92   0   4.19   2
317   0   10.22   0   3.30   1
318   2   10.92   0   4.04   5
319   0   11.38   1   3.95   2
320   3   10.92   1   3.64   2
321   1   11.38   1   4.16   2
322   28   11.74   0   3.74   2
323   0   10.92   0   3.71   1
324   0   11.19   1   3.66   3
325   1   11.08   0   3.78   1
326   0   10.39   0   3.56   1
327   0   10.77   1   3.64   3
328   1   10.77   1   2.48   3
329   1   10.77   0   3.99   3
330   0   10.92   1   3.18   3
331   1   10.22   1   3.95   1
332   0   10.92   1   3.43   2
333   0   11.38   1   3.40   2
334   2   11.38   1   3.74   2
335   1   10.53   0   3.83   1
336   0   10.92   1   3.56   1
337   0   11.19   0   3.85   3
338   0   10.66   1   3.91   2
339   0   10.92   1   2.64   3
340   0   11.19   0   3.81   3
341   0   10.92   1   3.61   2
342   1   11.74   1   3.50   2
343   0   11.08   1   4.03   1
344   0   11.74   0   4.13   2
345   0   11.19   1   3.76   2
346   1   11.19   1   2.71   3
347   0   11.38   1   2.77   4
348   0   11.38   1   2.48   4
349   0   11.38   0   4.32   2
350   0   10.92   1   3.97   2
351   0   11.08   1   4.06   3
352   0   11.19   0   3.91   3
353   4   10.39   1   3.50   2
354   0   10.92   0   3.64   2
355   15   11.08   1   3.81   4
356   12   11.08   0   3.78   4
357   0   10.92   0   3.97   3
358   4   10.77   0   3.56   6
359   0   11.74   0   3.87   5
360   1   11.74   0   4.23   2
361   0   10.92   1   3.76   1
362   0   11.19   0   3.99   4
363   0   10.53   1   2.71   5
364   0   10.53   0   3.64   5
365   0   10.22   1   3.26   2
366   0   11.74   1   3.83   3
367   1   10.66   1   3.61   4
368   2   11.08   1   3.99   2
369   2   10.77   1   3.66   3
370   0   10.77   1   3.74   4
371   0   11.38   0   3.99   3
372   0   11.38   1   3.69   5
373   0   10.92   1   3.64   2
374   25   10.22   1   3.71   4
375   0   10.92   1   3.83   3
376   0   11.38   0   3.97   2
377   0   12.07   1   3.87   2
378   1   10.92   1   4.09   2
379   0   11.38   1   3.61   2
380   0   11.38   0   3.91   2
381   0   11.08   1   3.74   3
382   0   11.08   0   3.89   3
383   3   10.53   1   3.89   2
384   0   11.38   1   3.81   6
385   0   11.38   0   3.91   6
386   1   11.38   0   2.64   6
387   1   11.38   0   2.48   6
388   0   11.74   0   3.74   4
389   0   11.19   1   3.71   2
390   0   10.02   1   4.37   2
391   0   11.19   1   3.83   3
392   0   11.38   1   3.50   4
393   0   11.38   0   3.37   4
394   0   10.92   1   4.01   3
395   0   10.66   1   3.66   3
396   1   10.66   0   3.58   3
397   0   11.38   1   3.99   2
398   0   10.92   1   3.58   4
399   2   10.92   0   3.61   4
400   0   10.66   1   3.58   6
401   0   10.39   1   3.76   4
402   5   11.19   1   4.13   1
403   0   10.53   1   3.56   3
404   0   10.53   0   2.64   3
405   4   10.66   1   3.40   3
406   0   11.19   0   3.83   5
407   0   10.53   1   3.97   2
408   1   10.22   1   4.09   2
409   0   10.39   1   3.61   2
410   0   10.92   1   3.64   4
411   0   11.74   1   3.64   4
412   0   11.74   0   2.83   4
413   0   11.74   0   2.56   4
414   0   11.08   1   3.87   3
415   0   10.02   1   3.61   5
416   0   11.38   1   3.83   3
417   0   10.92   1   3.58   2
418   0   11.08   0   3.81   4
419   0   11.38   1   3.87   2
420   1   10.39   1   3.97   1
421   0   10.53   1   3.22   2
422   0   10.66   0   3.61   4
423   3   11.38   1   3.61   4
424   0   10.92   1   3.71   3
425   0   11.74   0   3.74   4
426   1   11.19   1   3.61   2
427   1   10.77   1   3.47   3
428   5   11.08   0   4.09   1
429   2   10.92   0   4.19   2
430   0   11.38   1   3.83   4
431   0   11.74   1   4.01   1
432   0   11.74   1   3.04   1
433   1   10.53   1   3.56   1
434   5   10.77   0   3.85   2
435   0   10.66   0   3.78   1
436   0   10.22   0   2.71   3
437   0    9.53   1   2.71   4
438   18  10.92   1   3.43   4
439   4   10.92   0   3.58   4
440   1   11.19   1   4.04   2
441   0   11.08   1   4.03   5
442   0   11.08   1   3.40   5
443   1   11.08   0   4.03   2
444   0   10.77   1   3.99   2
445   0   11.38   1   3.83   4
446   0   10.92   1   3.85   2
447   5   11.74   0   3.87   2
448   0   11.38   1   4.08   2
449   1   10.82   1   3.58   5
450   0   11.38   1   3.30   4
451   0   11.19   0   3.78   5
452   0   11.19   0   2.30   5
453   2   11.38   1   3.47   2
454   0   10.39   1   3.76   1
455   0   11.08   1   4.23   2
456   0   11.08   0   3.81   2
457   0   10.66   1   3.37   2
458   0    9.77   1   3.78   2
459   0    9.77   1   2.77   2
460   2   10.66   0   3.78   1
461   0   11.08   1   3.97   2
462   0   10.92   0   3.71   4
463   0   11.08   0   3.74   4
464   9   10.39   1   3.37   2
465   0   11.19   1   3.83   3
466   0   10.53   1   3.95   2
467   0   10.53   0   4.06   2
468   2   11.19   1   3.89   5
469   3   11.19   0   3.91   5
470   0   11.08   1   3.95   2
471   0   10.66   1   4.16   1
472   0   10.82   1   3.71   2
473   0   11.74   1   3.93   4
474   0   10.77   1   3.81   4
475   2   11.38   1   3.69   4
476   1   11.38   1   4.11   2
477   0   10.92   1   3.40   2
478   79   10.53   1   3.58   4
479   1   10.53   0   3.50   4
480   5   10.66   1   3.71   2
481   0   10.92   0   3.74   4
482   0   10.77   1   4.09   2
483   8   11.38   1   3.89   3
484   0   11.19   1   3.56   2
485   1    9.77   0   3.04   1
486   0   10.53   1   3.47   2
487   0   10.02   1   3.09   1
488   0   11.74   0   3.83   2
489   1   11.38   1   3.83   3
490   0   10.92   1   3.61   3
491   0   10.22   1   3.85   2
492   0   11.38   1   3.64   3
493   0   10.66   1   3.47   2
494   0   11.19   0   1.39   2
495   0   11.08   0   4.22   3
496   2   11.74   1   3.99   2
497   0   10.39   0   3.93   2
498   0    9.53   1   3.95   5
499   1   10.92   1   3.99   2
500   0   11.38   1   3.99   2
501   0   11.08   0   2.40   4
502   0   10.53   1   2.83   7
503   0     9.53   1   4.19   1
504   0   11.08   0   4.06   1
505   0   11.38   1   3.69   4
506   0   10.66   0   3.50   3
507   3    9.77   0   4.17   1
508   0   11.38   0   4.57   4
509   0   11.38   0   4.06   4
510   0   11.74   0   4.13   2
511   0   10.22   0   3.64   6
512   0   11.74   0   4.39   2
513   2   10.22   0   4.13   1
514   2   12.21   0   3.71   4
515   1   10.22   1   3.81   5
516   16   11.74   0   4.08   2
517   0   11.08   1   3.58   2
518   0   10.53   0   4.25   2
519   5   11.38   0   3.78   5
520   0   10.92   1   4.03   3
521   0   10.92   0   4.03   3
522   1   11.19   0   4.03   2
523   0   10.92   1   3.53   4
524   0   11.74   1   4.03   4
525   0   11.38   1   4.09   2
526   1   10.66   0   4.01   2
527   0   10.77   0   3.69   2
528   0   11.08   1   3.97   2
529   0   11.08   0   4.03   2
530   0   11.74   1   2.71   4
531   0   10.39   0   4.20   1
532   0   11.38   1   3.00   2
533   0   11.08   1   2.71   4
534   0   11.08   0   3.69   4
535   0   10.92   1   4.04   2
536   0   10.92   1   3.64   2
537   0   11.38   1   3.95   3
538   0   10.92   0   3.85   3
539   0   10.92   0   2.71   3
540   1   10.39   0   4.32   1
541   2   11.19   0   4.13   2
542   10   11.74   0   3.64   2
543   16   11.74   0   3.64   2
544   0   10.92   0   4.16   2
545   1   10.53   0   3.78   1
546   5   10.22   0   3.64   1
547   0   10.39   0   3.95   1
548   1   11.12   1   3.89   6
549   0   10.92   0   4.08   2
550   0   10.22   1   3.76   6
551   0   11.08   0   4.25   2
552   5   11.74   1   4.17   2
553   0   11.74   1   3.87   3
554   0    9.33   1   3.95   1
555   0   11.08   1   3.04   4
556   0   10.92   1   3.99   2
557   1   10.39   0   4.03   2
558   0   12.21   0   3.74   4
559   3   10.53   0   3.74   1
560   0   11.08   0   3.81   4
561   0   10.66   1   2.64   4
562   0   10.53   0   3.69   2
563   22   11.38   0   3.40   2
564   0   10.53   0   3.66   4
565   0   10.53   0   3.85   2
566   0   10.82   0   4.06   2
567   2   10.53   1   3.91   2
568   0   10.92   0   3.89   4
569   3   11.19   1   3.56   4
570   0   10.39   1   2.77   5
571   0   11.19   1   2.89   5
572   0   11.74   1   3.87   2
573   0   11.12   1   3.40   5
574   0   11.74   1   3.58   3
575   1   11.08   1   3.50   3
576   0   11.38   1   3.22   5
577   0   10.31   1   3.30   5
578   0   10.77   0   3.93   2
579   0   12.21   1   3.78   2
580   0   11.08   0   3.37   2
581   0   10.53   0   2.89   5
582   1   11.08   0   3.47   3
583   0   11.08   0   3.83   3
584   5    9.77   1   3.91   1
585   0   11.38   0   3.78   4
586   2   11.74   0   3.91   2
587   0   11.74   1   4.01   5
588   0   10.82   1   4.04   3
589   0   10.31   1   4.09   3
590   0   11.74   0   3.74   2
591   0   11.19   1   4.23   2
592   0   10.77   0   4.14   2
593   0   10.77   1   3.74   4
594   0   11.38   1   2.83   4
595   15   11.74   0   3.99   2
596   1   11.74   0   3.78   7
597   0   11.19   1   3.99   2
598   0   11.74   1   3.66   4
599   0   10.31   1   3.78   2
600   0   11.92   1   3.81   4
601   0   11.38   0   3.85   4
602   0   11.38   1   3.74   2
603   0   11.38   0   4.25   2
604   0   10.92   0   3.78   6
605   0   11.12   0   3.69   5
606   2   11.19   1   3.71   3
607   0   11.08   1   3.40   3
608   0   11.12   1   3.93   3
609   0   11.12   1   3.50   2
610   0   10.92   0   2.77   4
611   0   10.02   1   3.18   3
612   0   11.38   1   3.33   5
613   1   11.19   1   3.87   3
614   0   11.38   1   3.83   2
615   0   10.92   1   4.03   2
616   0   11.74   1   4.04   2
617   0   10.82   1   3.58   3
618   2   10.82   1   3.64   7
619   1   10.77   0   3.71   2
620   0   11.12   1   2.48   7
621   0   11.12   0   3.69   7
622   1   10.39   0   3.22   3
623   2   10.39   0   3.14   3
624   0   11.12   1   3.97   3
625   0   11.38   1   3.56   1
626   0   10.31   0   3.37   2
627   0   10.92   1   3.66   4
628   0   11.12   0   3.04   4
629   1   10.77   0   3.69   2
630   0   11.08   1   4.09   4
631   0   10.82   1   3.22   6
632   0   11.38   0   3.61   3
633   0   10.31   1   2.77   2
634   0   10.82   1   4.28   3
635   1   10.31   0   3.89   6
636   1    9.90   1   3.09   2
637   0    9.90   0   2.77   2
638   0   11.19   0   4.13   2
639   1   10.82   1   3.43   5
640   0   11.38   1   2.71   6
641   1    9.90   1   3.33   2
642   0   10.66   1   3.58   3
643   1   10.53   1   3.66   3
644   0   10.53   1   3.95   2
645   0   10.82   1   3.93   4
646   0   10.82   0   3.93   4
647   0   11.08   0   3.47   2
648   12   10.82   1   3.40   6
649   8   11.08   1   3.66   6
650   0   11.08   1   2.20   6
651   0   11.08   0   2.89   6
652   0   11.08   0   2.71   6
653   1   11.38   0   3.95   3
654   0   10.53   1   4.04   2
655   2   11.38   0   3.78   3
656   0   10.39   1   3.69   2
657   1   10.77   0   4.22   2
658   0   10.92   1   3.66   7
659   5   10.66   0   3.56   5
660   0   12.07   1   2.40   4
661   0   10.82   1   2.77   4
662   0   10.82   0   3.93   4
663   0   10.31   1   3.33   4
664   2   10.66   1   3.47   1
665   0   11.38   1   3.69   5
666   0   11.12   0   2.48   5
667   0   10.31   1   3.56   2
668   0   10.31   1   2.64   5
669   0   11.19   1   3.33   2
670   0   10.39   1   2.77   4
671   0   10.31   1   3.40   4
672   0   10.82   1   3.61   2
673   0   10.22   0   3.18   3
674   0   11.74   1   3.43   2
675   3   11.19   0   4.20   2
676   0   12.21   1   2.71   5
677   0   11.38   1   3.61   5
678   0   10.92   1   3.40   3
679   0   11.08   1   3.81   3
680   0   11.38   1   3.91   2
681   0   10.66   0   3.97   3
682   0   10.22   1   3.40   3
683   0   10.02   1   4.16   3
684   1   10.92   0   3.78   3
685   0   11.74   0   3.78   6
686   0   11.74   0   3.64   4
687   0   10.31   0   3.99   7
688   0   10.31   1   2.83   4
689   0   10.82   1   3.89   3
690   0   10.31   1   4.03   2
691   2   10.31   0   3.18   3
692   0    9.90   1   3.58   2
693   1   11.12   1   3.58   5
694   1   10.31   1   3.53   5
695   0   10.53   1   3.37   3
696   3   11.38   1   3.30   3
697   0   11.38   0   3.74   3
698   0   11.38   1   2.71   4
699   0   11.38   0   4.13   3
700   0   10.53   0   3.78   2
701   0   10.82   1   3.30   2
702   0   10.82   0   4.06   3
703   0   11.92   1   3.30   4
704   0   10.77   1   3.30   3
705   2   10.31   1   3.89   6
706   0   11.12   1   4.04   3
707   0   11.38   1   3.40   3
708   0   11.12   0   3.71   5
709   0   10.22   1   3.74   3
710   0   10.39   1   4.09   2
711   1   10.31   1   4.08   3
712   0   11.19   1   4.04   2
713   5   11.38   1   3.33   8
714   0   10.82   0   3.76   2
715   0   11.12   1   3.00   4
716   7   10.31   1   3.85   2
717   0   11.38   0   3.93   6
718   0   10.82   1   3.26   4
719   1    9.90   1   3.26   3
720   0   11.74   1   3.71   5
721   0   11.74   1   2.89   4
722   0   11.74   1   3.78   4
723   1   11.38   1   3.74   4
724   2   11.74   1   4.03   4
725   0    9.77   0   3.91   2
726   3   11.38   1   4.03   3
727   0   11.08   0   4.23   2
728   3   11.08   0   4.13   2
729   0   11.38   1   3.99   2
730   0   10.39   1   3.95   1
731   0   11.08   1   4.13   2
732   0   10.82   1   3.91   3
733   0   11.38   0   3.87   2
734   0   11.08   0   4.09   2
735   0   10.82   1   3.97   2
736   1   10.92   1   3.64   1
737   0   11.38   1   3.43   2
738   0   11.38   1   3.83   2
739   0   10.53   0   4.09   2
740   0   10.31   0   3.43   3
741   1   10.82   1   3.61   6
742   6   10.82   1   3.81   3
743   4   10.82   0   3.97   3
744   1   10.66   0   4.20   1
745   0   10.53   1   3.83   4
746   0   11.74   1   3.89   2
747   0   11.38   1   3.47   2
748   1   11.38   0   3.89   4
749   0   10.39   0   4.16   2
750   1   11.38   1   3.69   3
751   1   10.02   0   4.17   2
752   0   11.08   1   2.71   4
753   1   10.77   1   3.78   3
754   0   11.74   0   3.85   6
755   0   10.31   1   3.30   5
756   0   10.31   1   3.56   4
757   0   10.82   1   3.85   5
758   1   10.82   1   3.22   3
759   0   11.38   1   3.58   2
760   0   10.22   1   3.58   3
761   0   10.31   1   2.89   4
762   0   11.38   0   3.74   6
763   0   10.77   0   3.91   2
764   0   11.74   0   3.69   4
765   0   10.82   0   3.40   4
766   0   11.38   1   3.47   2
767   0   10.53   1   3.69   4
768   1   11.08   1   3.69   2
769   0    9.33   1   3.69   3
770   1   11.38   1   3.91   5
771   10   11.38   0   3.91   5
772   0   11.38   1   3.71   2
773   0   10.77   0   3.76   1
774   0   11.38   0   3.56   5
775   0   11.38   0   3.85   2
776   0   10.92   0   3.56   3
777   0   10.31   1   3.53   5
778   0   11.08   1   4.04   2
779   0   11.74   1   3.89   3
780   0   10.82   1   3.22   3
781   0   11.38   1   3.78   2
782   0   10.39   1   3.58   4
783   0   10.77   1   3.74   5
784   0   11.19   0   4.01   4
785   0   11.19   0   2.83   4
786   0   10.02   1   2.56   3
787   0   10.31   0   3.71   2
788   0   10.92   0   3.76   3
789   0   11.08   1   3.40   2
790   0   11.74   1   3.66   2
791   2   11.12   1   3.61   4
792   0   11.74   1   3.78   3
793   0   10.92   1   4.08   2
794   0   11.38   1   3.37   3
795   0   11.38   1   3.76   3
796   0   11.38   0   4.11   3
797   0   10.02   1   3.43   2
798   0   10.31   1   3.30   5
799   0   11.12   1   3.37   4
800   0   10.39   1   3.83   4
801   0   10.39   1   2.64   4
802   0   10.82   1   3.69   3
803   0   10.82   1   3.83   3
804   0   11.19   1   3.81   3
805   0   11.38   1   3.69   3
806   0   11.12   1   3.97   2
807   0   10.22   0   3.40   4
808   0   10.82   1   3.69   5
809   0   11.19   1   4.14   2
810   0   11.19   0   4.17   2
811   0   10.02   1   4.17   3
812   0   10.92   0   3.81   5
813   0   11.08   0   3.93   4
814   0   10.77   1   3.26   1
815   3   11.08   1   3.47   5
816   2   10.22   1   3.58   6
817   1   10.53   1   3.53   3
818   10   11.08   0   3.37   2
819   0   10.66   1   3.76   1
820   1   10.22   1   3.47   2
821   0   10.22   1   1.79   2
822   1   12.07   1   3.81   2
823   0   11.38   1   3.81   3
824   0   10.53   1   3.64   5
825   1   10.77   1   3.56   3
826   1   10.92   1   4.13   2
827   0   10.02   1   2.40   4
828   0   10.02   0   3.43   1
829   0    9.77   0   4.14   2
830   0   10.77   1   2.56   3
831   0   11.08   0   3.74   4
832   0   10.92   1   2.71   4
833   0   11.38   1   3.66   4
834   0    9.77   1   3.74   2
835   8   11.08   1   4.01   3
836   0   11.74   1   3.89   5
837   0   11.74   0   3.97   5
838   1   11.74   0   3.18   5
839   2   11.74   1   4.17   2
840   7   11.19   1   4.19   2
841   0    9.77   1   3.37   3
842   1   11.08   0   4.08   2
843   0   10.66   1   3.95   3
844   6   10.92   1   3.66   2
845   0   11.74   1   3.85   3
846   0   10.22   1   3.64   3
847   0   10.22   0   3.66   3
848   0   11.38   1   2.83   5
849   0   10.92   0   3.37   2
850   0    9.77   1   3.71   2
851   1   10.39   0   3.26   1
852   1   10.02   1   3.56   4
853   0   10.92   0   2.94   4
854   0   11.19   0   3.47   2
855   0   10.39   1   3.93   2
856   0   10.77   1   3.81   3
857   0   11.08   0   3.83   1
858   0   10.22   1   3.26   2
859   0    9.77   1   3.22   2
860   0   10.77   1   3.37   2
861   0   10.22   0   3.83   1
862   0   10.53   1   3.74   1
863   0   10.02   0   3.14   3
864   0   12.21   0   3.64   3
865   2   10.39   1   3.58   3
866   1    9.77   1   3.30   4
867   1   10.02   1   4.04   1
868   2   11.74   1   3.61   1
869   0   11.08   0   3.50   4
870   0   10.77   1   3.33   3
871   1   10.02   1   3.53   2
872   0    9.33   1   3.64   2
873   0   11.19   1   4.03   4
874   0   11.08   1   3.74   2
875   0   10.22   0   3.40   3
876   0   10.92   0   3.74   3
877   0   10.77   1   3.85   1
878   0   10.22   1   3.37   3
879   2   11.74   0   3.78   1
880   2   10.92   1   3.09   9
881   0   11.08   1   4.08   2
882   2   11.74   1   3.47   2
883   0   11.38   1   3.37   3
884   0    9.77   1   3.37   1
885   0   11.74   1   3.89   3
886   1   11.38   1   3.93   3
887   0   10.39   1   3.61   1
888   0   10.02   1   3.26   1
889   2   11.38   0   3.85   1
890   0   11.19   1   3.87   2
891   0   10.77   1   3.40   4
892   0   10.39   1   3.56   4
893   0   10.92   0   3.83   4
894   0   10.22   1   3.93   3
895   0   10.22   1   3.76   4
896   0   10.22   1   4.17   2
897   0   10.39   1   4.04   1
898   0   11.08   0   2.71   5
899   0   10.82   1   3.66   3
900   2   11.38   1   4.04   2
901   3   10.22   0   3.50   1
902   4   11.38   0   3.93   3
903   4   11.19   1   3.93   3
904   0   11.19   0   3.93   3
905   0   10.31   1   2.77   5
906   6   10.31   1   4.11   3
907   4   10.53   1   3.76   1
908   14   10.53   0   3.81   1
909   0   10.31   0   4.29   2
910   1   11.74   1   3.56   3
911   0   10.77   0   4.01   1
912   4   10.92   1   3.93   1
913   16   11.74   1   3.71   4
914   1   10.31   1   3.53   2
915   0   10.77   1   4.11   2
916   1    9.90   1   3.91   3
917   0   10.66   0   3.78   1
918   0    9.90   1   2.94   3
919   0   11.12   1   3.78   3
920   0   11.12   1   3.69   5
921   0   11.74   0   3.66   3
922   0   10.31   1   3.71   3
923   0    9.53   1   4.28   1
924   0   11.38   1   3.69   4
925   0   10.31   1   3.56   6
926   0   10.31   1   2.48   5
927   4   11.12   1   3.87   5
928   0   11.38   0   4.08   3
929   0   11.08   1   3.81   3
930   0    9.90   1   2.94   3
931   0   11.74   0   3.71   2
932   0   11.74   1   3.26   6
933   0   11.12   0   3.83   3
934   0   11.12   1   3.91   3
935   0   10.82   1   3.58   4
936   0   10.82   0   3.53   4
937   0   8.92   0   3.04   2
938   0   11.12   1   3.56   6
939   3   10.82   1   3.61   5
940   0   10.92   1   3.37   2
941   0   10.31   1   3.93   6
942   0   11.12   0   3.66   5
943   1   11.74   1   3.66   5
944   0   11.12   1   4.23   2
945   2   11.38   1   3.71   6
946   1   11.19   1   4.25   2
947   4   11.12   0   3.85   5
948   5   11.38   1   3.99   3
949   0    9.90   1   3.33   2
950   16   11.12   1   3.40   4
951   1   10.31   1   3.81   5
952   0   10.53   1   3.93   3
953   0    9.90   1   3.22   2
954   0   11.08   1   4.01   4
955   0   11.12   0   4.06   3
956   2   11.38   1   3.69   4
957   0   11.38   1   2.56   4
958   0   11.12   0   3.30   3
959   0   10.31   0   3.87   4
960   0   10.31   1   3.53   6
961   0   11.08   1   2.77   4
962   0   11.74   0   3.14   4
963   0    9.90   0   2.89   3
964   0   11.38   0   3.87   3
965   0   10.77   1   3.76   4
966   0   11.38   0   3.50   3
967   0   10.31   1   4.11   3
968   3   10.31   0   3.33   3
969   0   10.31   0   2.77   2
970   0   11.38   0   3.87   2
971   0   11.92   1   3.50   3
972   0    9.90   0   3.43   3
973   0   10.22   0   3.50   3
974   0   11.92   1   3.56   6
975   0   11.92   0   2.56   6
976   2   10.39   1   3.78   5
977   0    9.90   1   3.50   3
978   0    9.90   1   4.23   3
979   0   10.39   0   3.53   1
980   1   11.38   1   3.50   5
981   0   10.66   1   3.85   2
982   0   10.31   1   3.74   2
983   1   10.92   1   4.22   2
984   0   11.74   1   3.76   6
985   0   10.92   1   3.85   3
986   0    9.33   1   3.30   2
987   5   11.74   1   3.53   5
988   0   11.19   0   3.50   2
989   0   10.22   0   3.53   1
990   2   11.38   1   3.56   4
991   0   11.74   1   2.77   4
992   1   11.74   1   4.08   2
993   0   10.82   1   4.04   4
994   0   11.12   0   4.17   2
995   0   10.31   1   3.26   4
996   34   10.77   1   3.95   2
997   0   11.12   0   3.47   3
998   0   10.53   1   3.43   1
999   0   11.38   1   3.50   3
1000   1   11.19   1   3.83   4
1001   0   11.38   1   4.06   3
1002   0   11.74   1   3.97   5
1003   0   11.12   1   3.91   4
1004   0   11.74   1   3.37   3
1005   4   10.92   0   3.74   1
1006   2   11.38   1   3.76   4
1007   0   10.92   1   3.61   6
1008   2   11.74   1   3.95   4
1009   0   11.38   0   3.47   3
1010   0    9.90   0   3.43   4
1011   0   11.38   1   3.76   4
1012   0   10.22   1   3.69   3
1013   0    9.33   1   3.18   2
1014   0   11.19   1   2.48   2
1015   0   10.31   1   4.04   3
1016   0   10.66   0   3.87   6
1017   0   10.22   1   4.03   5
1018   0   10.22   0   4.08   5
1019   0   10.31   1   3.56   5
1020   0    9.90   1   4.01   4
1021   1   11.74   1   3.85   3
1022   1   11.74   0   3.91   3
1023   20   11.08   1   3.61   2
1024   1   8.92   1   4.26   2
1025   0   11.12   1   3.81   3
1026   2   11.74   1   3.76   5
1027   0   11.12   1   4.04   5
1028   0   10.22   1   3.40   2
1029   1   10.92   0   3.30   1
1030   1    9.77   0   3.58   1
1031   1   10.22   1   3.58   2
1032   1   10.22   0   3.50   2
1033   3   11.38   1   4.14   2
1034   4   11.38   0   4.16   2
1035   0   10.92   0   3.61   3
1036   0   11.08   0   3.56   2
1037   0   10.92   0   3.56   4
1038   0   11.38   0   3.53   2
1039   0   10.39   1   3.33   5
1040   0   11.74   0   3.76   5
1041   0   12.21   1   3.74   4
1042   0   10.92   1   3.87   4
1043   0   10.66   0   3.83   4
1044   5   11.08   0   4.26   2
1045   0   10.31   0   3.66   3
1046   0   11.38   1   3.74   5
1047   0   11.12   1   2.71   7
1048   0   10.31   1   3.78   2
1049   0   11.12   0   3.85   4
1050   0   10.02   0   3.81   3
1051   0   11.74   0   4.14   6
1052   0   11.12   0   3.69   4
1053   1   11.19   1   3.99   3
1054   2   11.74   1   3.99   5
1055   1   10.92   1   3.85   1
1056   1   11.38   1   3.61   3
1057   0   12.21   1   3.00   3
1058   0    9.77   1   2.56   3
1059   0   11.74   1   3.58   3
1060   0   10.77   1   3.37   3
1061   0    9.90   1   3.43   6
1062   0    9.90   0   3.64   6
1063   0    9.33   0   3.83   2
1064   0    9.33   0   3.00   2
1065   0   10.92   1   3.95   4
1066   5   11.12   0   3.53   2
1067   0   11.08   0   4.03   2
1068   0   10.82   1   4.13   3
1069   0   11.38   1   3.99   2
1070   0   11.38   1   3.61   6
1071   0   10.92   1   2.83   4
1072   0   12.07   0   3.87   4
1073   1   11.38   1   3.64   4
1074   0   11.12   0   3.53   4
1075   0   10.82   1   3.33   3
1076   0   10.66   1   3.50   2
1077   0   10.31   1   3.40   5
1078   0   11.74   1   3.81   6
1079   0   10.02   1   3.30   2
1080   0   10.02   1   3.87   1
1081   0    9.77   1   3.40   1
1082   0   10.82   0   4.22   3
1083   4   12.07   1   3.74   2
1084   0   10.77   0   4.11   2
1085   0   11.38   1   3.85   4
1086   0   11.74   0   4.09   1
1087   0   12.07   1   2.48   5
1088   0   11.08   1   3.95   2
1089   0   11.74   1   3.93   2
1090   0    9.90   0   4.22   4
1091   0   10.02   1   4.04   1
1092   0   11.38   0   4.01   1
1093   0   10.39   1   3.93   2
1094   0   10.39   1   3.26   2
1095   0   10.77   0   3.58   1
1096   0   10.92   0   3.91   2
1097   1    9.90   1   3.66   6
1098   0   10.53   0   4.32   2
1099   4   11.19   0   3.78   3
1100   0   11.74   0   3.76   4
1101   0   11.38   0   3.76   4
1102   5   10.53   1   3.56   4
1103   0   10.66   0   2.56   2
1104   1   11.38   1   2.71   5
1105   0   11.38   0   3.99   1
1106   0   11.74   1   3.81   4
1107   0   11.38   1   3.89   4
1108   0   11.38   0   3.14   4
1109   0   10.92   1   4.16   1
1110   1   11.38   1   3.89   5
1111   0   11.38   1   3.00   5
1112   0   11.38   0   3.14   5
1113   0   10.92   1   3.61   4
1114   0   11.38   0   4.09   3
1115   2   11.74   1   3.81   2
1116   0    9.08   0   4.34   1
1117   7   12.07   1   3.74   4
1118   1   11.38   1   3.87   2
1119   0   12.21   1   3.95   2
1120   0   12.21   0   3.93   2
1121   0   11.38   0   3.95   2
1122   0   12.21   0   4.13   1
1123   1    9.08   1   4.13   1
1124   0   8.92   1   3.14   1
1125   0   11.19   1   2.94   4
1126   0   11.19   0   3.91   4
1127   0   11.19   0   2.83   4
1128   0   10.22   0   3.30   1
1129   0   10.77   0   3.78   3
1130   0   10.53   1   3.47   5
1131   0   11.12   0   2.71   5
1132   0   10.92   0   4.29   2
1133   0   10.53   1   3.85   2
1134   1   10.39   0   4.06   2
1135   0   11.12   1   2.71   6
1136   0   10.22   1   3.97   5
1137   0   11.74   1   4.06   1
1138   0   10.22   1   2.56   2
1139   0   10.22   1   4.08   2
1140   0   10.39   1   2.56   2
1141   0   10.39   0   4.11   2
1142   0   11.08   0   3.76   3
1143   0   10.66   0   3.95   3
1144   0   11.08   0   3.56   1
1145   0   10.77   0   4.14   1
1146   0   10.92   1   3.89   4
1147   0   10.66   1   3.97   2
1148   0   11.19   1   3.09   3
1149   0   10.92   0   4.04   1
1150   0   10.92   1   3.99   2
1151   0   10.92   0   3.58   1
1152   0   11.38   1   4.06   3
1153   33   10.39   0   3.81   1
1154   0   11.38   1   3.97   2
1155   0   11.38   1   3.53   3
1156   0   11.38   1   2.56   3
1157   8   10.92   1   4.36   2
1158   2   10.53   1   4.13   2
1159   0   10.53   0   3.43   2
1160   0   11.38   0   3.85   3
1161   1   12.07   1   3.61   4
1162   1   10.77   1   3.64   2
1163   0   10.77   0   3.85   2
1164   0   10.02   0   4.04   3
1165   0   10.39   1   4.08   1
1166   0   11.38   0   4.17   3
1167   0   11.38   1   3.78   4
1168   3   10.22   1   3.76   4
1169   0   12.07   1   3.33   3
1170   27   11.74   0   3.91   4
1171   4   10.66   1   3.71   3
1172   2   10.66   0   2.30   3
1173   2   10.77   0   4.23   2
1174   0   10.77   0   4.20   2
1175   0   11.74   1   2.48   4
1176   1   10.77   0   4.04   3
1177   0   10.77   0   4.25   2
1178   0   10.92   1   2.77   4
1179   0   11.08   0   3.83   6
1180   0   11.38   1   4.16   2
1181   0   11.19   0   2.83   4
1182   0   12.07   1   3.97   2
1183   0   11.08   1   4.22   2
1184   0   10.77   0   3.61   2
1185   0   11.19   1   3.91   3
1186   0   11.08   1   4.23   2
1187   0   11.08   0   3.85   5
1188   1   10.92   1   4.01   2
1189   0   10.66   1   3.56   4
1190   6   10.92   0   4.17   2
1191   0    9.53   1   3.69   1
1192   1   11.38   1   3.83   3
1193   0   11.38   0   3.81   3
1194   0   10.39   1   3.37   1
1195   0   10.53   1   3.74   5
1196   0   10.77   1   2.56   4
1197   0   10.39   1   3.64   2
1198   0   11.74   1   3.64   4
1199   1   11.08   1   3.81   5
1200   0   11.74   1   3.74   4
1201   0   11.19   1   3.87   4
1202   0   11.19   1   3.09   4
1203   0   11.19   0   4.01   2
1204   2   12.21   1   3.74   4
1205   0   10.92   0   3.71   2
1206   0   10.66   1   3.50   2
1207   0   11.12   1   3.64   6
1208   0   11.38   1   4.01   2
1209   0   10.22   0   3.53   1
1210   1   11.74   0   4.17   1
1211   1   11.74   0   4.11   2
1212   0   11.38   1   3.50   3
1213   1   11.38   0   3.56   3
1214   0   11.08   0   3.85   1
1215   0   10.77   0   3.61   1
1216   0   11.38   1   3.93   3
1217   0   11.38   1   3.30   3
1218   0   11.38   0   4.01   3
1219   0   10.77   1   4.23   2
1220   0   11.38   1   3.91   5
1221   0   11.38   0   3.85   5
1222   2   11.38   0   3.74   2
1223   0   12.07   0   4.01   3
1224   0   11.38   0   4.11   2
1225   0   10.66   1   3.69   5
1226   0   11.08   1   3.58   5
1227   0   11.12   0   3.66   6
1228   0   10.82   1   3.64   4
1229   1   10.82   0   3.76   4
1230   16   10.39   1   3.91   4
1231   3   10.39   0   3.58   4
1232   0   10.66   1   3.61   4
1233   0   10.66   1   2.64   4
1234   0   10.66   0   3.69   4
1235   9   10.77   0   4.11   4
1236   0   10.66   1   3.87   3
1237   0   11.38   1   3.61   4
1238   0    9.90   0   3.81   4
1239   0   11.12   0   4.03   3
1240   2   10.77   1   4.32   2
1241   2   10.66   1   3.83   2
1242   0   10.39   0   4.01   2
1243   0   10.82   1   2.77   6
1244   0   12.07   1   3.37   4
1245   0   10.31   1   3.26   2
1246   2   11.74   0   4.08   3
1247   4   12.07   1   3.71   2
1248   0   11.12   1   3.78   3
1249   0   11.92   1   3.43   4
1250   0    9.53   1   3.30   1
1251   0   11.19   0   3.09   3
1252   0   10.53   0   3.40   2
1253   3   10.77   1   3.50   4
1254   0   11.38   1   3.64   2
1255   0   10.82   1   3.56   6
1256   0   11.08   1   3.93   2
1257   0   10.82   0   4.03   5
1258   0   10.31   1   3.18   2
1259   0   10.31   1   2.56   9
1260   1    9.53   1   3.61   2
1261   0   11.38   0   3.22   5
1262   0   11.12   1   3.91   4
1263   0   10.31   1   3.47   2
1264   2   11.74   0   4.36   2
1265   0   10.53   1   2.71   6
1266   1   10.53   1   4.33   1
1267   0   10.53   0   4.29   1
1268   0   11.08   1   3.74   3
1269   3   11.38   1   3.81   2
1270   0    9.90   0   3.22   3
1271   0   11.12   1   4.08   4
1272   3   12.07   1   3.78   3
1273   0   10.39   0   2.83   4
1274   0   10.39   0   2.71   4
1275   0   11.74   1   3.85   5
1276   0   11.74   1   2.64   5
1277   0   10.77   1   4.06   3
1278   1   10.92   1   3.33   2
1279   0   10.92   0   4.11   2
1280   6   12.07   1   3.71   2
1281   0   11.38   1   4.01   3
1282   0   11.38   0   3.40   3
1283   42   10.39   0   4.23   2
1284   0   11.38   0   3.43   4
1285   0    9.90   1   3.53   4
1286   0   11.74   1   3.78   5
1287   0   10.02   1   2.71   5
1288   0   10.82   0   3.50   3
1289   0   11.38   0   3.09   5
1290   0   11.74   0   3.47   7
1291   1   10.31   1   3.30   5
1292   0   10.22   0   4.23   1
1293   0   10.31   0   3.71   2
1294   0   10.82   1   3.87   4
1295   2   11.92   1   3.40   5
1296   0    9.77   1   3.99   3
1297   0   10.77   0   4.29   2
1298   0   12.07   0   3.74   3
1299   0   11.38   1   3.95   4
1300   0   8.92   1   3.14   5
1301   0   10.92   1   3.43   4
1302   0    9.33   1   3.37   6
1303   0   11.38   0   4.16   3
1304   0   8.92   1   3.26   2
1305   0    9.33   1   2.89   4
1306   0   11.12   1   3.66   7
1307   0   11.12   1   2.56   7
1308   0   11.08   0   3.81   5
1309   0   10.39   1   3.81   4
1310   0   10.39   1   2.77   4
1311   0   11.12   1   3.40   5
1312   7   11.19   1   4.01   2
1313   0    9.77   0   3.69   1
1314   0   11.08   0   3.81   4
1315   1   11.38   0   3.71   3
1316   0   10.22   1   4.30   1
1317   0   11.08   0   3.95   2
1318   0   10.39   1   3.69   1
1319   0   11.12   1   3.71   5
1320   2   10.82   1   3.53   6
1321   0   11.74   0   4.04   2
1322   0   11.12   0   3.64   5
1323   0    9.90   0   2.89   4
1324   0   11.38   1   3.26   4
1325   0   11.38   0   3.33   4
1326   0   10.31   1   4.09   2
1327   0   10.31   1   3.37   4
1328   0   10.82   1   3.43   4
1329   2   11.19   1   4.09   2
1330   0   10.31   1   2.64   4
1331   1   11.92   1   3.61   4
1332   0   11.92   0   2.40   4
1333   5   10.31   1   3.37   2
1334   0   11.38   1   3.95   2
1335   0   11.12   1   3.87   4
1336   0   11.74   1   3.95   3
1337   1   10.22   1   3.87   3
1338   5   11.38   1   3.76   3
1339   1   11.74   1   3.95   2
1340   0   10.53   0   3.50   1
1341   0   11.38   1   2.77   4
1342   0   11.38   0   3.91   4
1343   2   11.12   1   3.89   2
1344   0   10.22   1   3.76   1
1345   0   10.31   1   3.40   2
1346   0   10.31   0   3.71   6
1347   8   11.08   1   3.89   3
1348   0    9.90   1   3.40   5
1349   0   10.66   0   3.47   2
1350   7   11.08   1   3.69   4
1351   0   8.92   1   3.40   2
1352   0   11.38   0   3.83   5
1353   0   10.31   1   3.61   6
1354   0   10.31   1   2.77   7
1355   0   10.31   1   3.64   3
1356   0   10.31   1   2.71   3
1357   0   11.74   1   3.00   5
1358   0   10.92   1   3.66   3
1359   0   11.12   1   3.85   5
1360   0   11.08   1   3.91   4
1361   0   10.92   1   3.64   3
1362   0   12.07   1   3.89   4
1363   36    9.53   1   3.69   3
1364   11   11.74   1   3.43   5
1365   0   10.31   1   2.71   5
1366   1   11.74   0   2.94   4
1367   0   11.19   1   3.69   4
1368   1   11.19   1   2.71   4
1369   0   11.38   1   4.01   2
1370   0   10.77   0   3.74   3
1371   0   11.74   0   4.03   4
1372   0   11.38   1   3.91   5
1373   1   11.19   0   4.08   2
1374   1   10.39   1   3.64   1
1375   2   10.92   1   3.89   2
1376   0   10.92   0   3.89   2
1377   0   10.66   0   3.83   4
1378   0   11.38   0   2.83   4
1379   0    9.33   1   3.89   4
1380   0   12.07   1   3.76   4
1381   0   11.74   1   3.58   2
1382   5   11.74   1   3.74   2
1383   0   10.66   1   3.78   3
1384   0   11.19   1   3.83   1
1385   1   11.38   0   3.33   1
1386   0   10.39   1   3.50   4
1387   0   10.39   0   3.56   4
1388   1   11.38   1   4.04   2
1389   9   11.19   0   3.74   3
1390   0   10.77   0   3.83   4
1391   0   10.92   1   3.37   4
1392   0   11.19   1   3.64   6
1393   0   10.92   0   4.03   2
1394   0   11.19   1   3.95   2
1395   8   10.92   0   2.89   4
1396   0   11.74   1   2.71   3
1397   1   11.74   0   4.04   4
1398   0   10.53   1   2.83   4
1399   2   12.07   0   3.78   4
1400   0   11.19   0   3.97   4
1401   22   11.38   0   3.56   2
1402   0   11.38   1   3.37   2
1403   0   10.02   1   3.33   2
1404   0   11.08   0   2.71   2
1405   0   10.02   1   4.17   2
1406   0   12.21   1   4.14   7
1407   0   10.39   1   3.69   1
1408   0   11.08   1   3.87   2
1409   0   11.08   1   3.64   3
1410   0   11.38   0   4.06   6
1411   0   11.08   0   3.93   3
1412   0   11.74   1   3.81   3
1413   0   10.53   1   3.50   3
1414   2   11.38   1   3.47   4
1415   1   11.38   0   3.47   4
1416   1   11.38   1   3.66   2
1417   0   10.92   1   3.89   2
1418   0   10.92   1   3.83   4
1419   0    9.77   1   3.18   4
1420   0   10.92   0   3.37   4
1421   1   11.08   1   4.03   2
1422   5   11.19   1   4.01   3
1423   0   11.38   1   3.91   4
1424   0   11.38   1   2.94   4
1425   0   11.38   1   2.94   4
1426   0   11.38   0   4.03   4
1427   0   11.74   1   3.95   2
1428   0   11.74   1   3.56   4
1429   0   10.53   1   3.66   3
1430   0   11.74   0   4.04   3
1431   0   11.08   1   3.81   5
1432   0   11.38   1   3.87   2
1433   3   10.92   1   3.76   2
1434   1   10.92   1   4.09   1
1435   0   11.08   1   2.89   5
1436   0   10.39   0   4.08   2
1437   0   10.22   1   3.76   2
1438   0   10.92   0   2.64   6
1439   0   10.92   1   3.76   3
1440   3   10.53   1   3.64   5
1441   3   11.08   1   4.26   2
1442   2   10.92   0   3.61   4
1443   0   10.39   1   3.66   2
1444   3   11.19   0   3.95   2
1445   0   11.92   1   3.87   7
1446   0   11.92   1   2.40   7
1447   0   11.12   1   3.64   6
1448   2   10.92   1   3.99   2
1449   0   10.22   1   3.81   1
1450   0   11.19   0   3.50   3
1451   0   10.82   1   3.43   4
1452   0   11.74   0   4.06   3
1453   1   11.38   0   4.16   3
1454   0   10.31   1   3.22   4
1455   0   11.08   1   3.97   2
1456   0   11.12   0   3.91   3
1457   7   11.74   1   3.78   3
1458   0   10.82   1   3.76   3
1459   0   10.02   1   4.17   2
1460   0   10.02   0   3.71   2
1461   0   11.38   1   2.94   3
1462   0   10.31   0   3.89   5
1463   0   11.38   1   2.64   4
1464   0   10.53   1   4.11   1
1465   1   10.31   0   3.99   2
1466   0   11.38   1   3.40   4
1467   3   10.82   1   3.43   2
1468   0   10.77   1   3.87   1
1469   1   10.92   1   3.76   4
1470   0   10.92   0   3.87   4
1471   0   11.38   1   3.91   3
1472   0   11.38   1   3.78   5
1473   0   11.08   1   4.06   2
1474   0   11.74   0   3.83   4
1475   0   10.31   0   3.33   3
1476   0   11.08   0   3.37   2
1477   0   12.21   1   3.95   4
1478   0   11.19   1   3.81   2
1479   3    9.90   0   3.95   3
1480   3   10.82   1   3.40   4
1481   0   10.82   1   3.56   3
1482   0   10.53   1   2.71   3
1483   1   10.53   0   3.83   3
1484   4   10.53   1   3.97   3
1485   3   10.66   1   3.74   7
1486   0   11.08   0   3.83   4
1487   0   11.08   0   2.89   4
1488   0   10.31   1   2.77   3
1489   2   11.38   0   2.30   3
1490   1   10.66   1   3.33   2
1491   0   11.38   1   3.89   3
1492   1   11.12   1   3.53   3
1493   0   11.38   0   2.89   3
1494   0   10.82   1   3.83   3
1495   0   11.38   1   3.61   5
1496   1   10.31   1   3.64   5
1497   1   11.38   1   3.95   5
1498   0   11.38   1   3.89   2
1499   0   10.66   0   4.01   2
1500   0   10.31   0   4.09   3
1501   0   11.74   0   4.03   2
1502   0   11.74   1   3.69   4
1503   0   8.92   0   3.26   2
1504   0    9.90   1   3.85   3
1505   3   10.82   0   3.83   2
1506   0   10.66   1   3.83   2
1507   0   11.74   1   3.53   2
1508   0   11.12   1   3.95   5
1509   2   11.74   0   3.78   5
1510   0   11.12   1   2.56   5
1511   0   11.12   0   3.85   5
1512   0   10.92   0   4.22   2
1513   1   11.12   1   3.85   4
1514   0   11.12   0   3.93   4
1515   0    9.53   1   3.78   2
1516   0   11.12   1   3.74   4
1517   0   11.12   0   2.71   5
1518   0   10.31   1   3.53   5
1519   0    9.90   1   3.50   4
1520   0   10.82   1   2.94   7
1521   26   10.82   0   4.03   3
1522   0   10.92   1   4.14   1
1523   0   10.82   1   3.61   3
1524   1   11.74   1   3.69   7
1525   0   11.92   1   4.13   3
1526   0   11.38   0   3.00   4
1527   0   10.31   0   3.18   4
1528   0   10.66   1   3.74   2
1529   0   11.38   1   3.74   3
1530   0   11.92   1   3.40   3
1531   0   10.82   0   3.33   4
1532   3   11.74   1   3.85   4
1533   0   11.08   1   4.13   2
1534   0   11.38   0   3.89   4
1535   0   10.82   0   3.78   3
1536   0   11.74   1   2.77   6
1537   0   10.77   1   3.78   4
1538   1   10.02   1   3.74   1
1539   0   11.08   1   4.03   2
1540   0   11.38   1   3.71   4
1541   0   11.38   1   3.56   5
1542   0   10.77   1   2.48   4
1543   0   11.74   0   3.78   6
1544   0   11.38   1   3.89   6
1545   0   10.82   0   3.81   3
1546   0   10.82   0   3.37   5
1547   0   10.82   0   3.30   6
1548   0   10.82   1   3.43   5
1549   0   11.12   1   3.93   4
1550   0   11.38   1   3.66   3
1551   0   10.82   1   2.83   5
1552   0    9.90   1   4.38   3
1553   0   11.12   1   3.58   4
1554   0   11.92   1   3.58   9
1555   0   11.38   1   3.71   4
1556   1   10.92   1   4.08   2
1557   0   10.66   1   3.40   2
1558   0   11.74   0   4.08   6
1559   0    9.90   1   4.13   3
1560   0   10.31   0   4.36   4
1561   0   10.31   0   3.58   6
1562   0   10.31   0   4.19   2
1563   4   10.82   1   3.58   4
1564   0   10.82   1   3.43   4
1565   1   11.74   1   3.47   2
1566   2   11.74   0   4.06   3
1567   0    9.90   0   3.87   4
1568   14   10.22   1   4.19   3
1569   50   10.22   1   3.58   3
1570   0   10.82   1   3.85   4
1571   0   11.38   1   3.37   3
1572   0   11.92   1   3.18   3
1573   1   10.77   1   3.85   3
1574   1   10.77   1   3.76   3
1575   0   10.39   0   3.64   4
1576   0   11.12   1   3.89   6
1577   0   10.22   0   3.64   4
1578   0   10.82   1   3.81   3
1579   1   10.82   0   3.00   4
1580   0   10.82   1   3.26   3
1581   1   11.38   1   3.91   3
1582   1   10.31   0   3.64   7
1583   0   11.19   0   4.19   2
1584   0   11.38   1   4.04   2
1585   0   10.92   0   3.53   5
1586   0   10.82   1   3.33   4
1587   0    9.33   1   3.33   2
1588   1   10.82   1   3.56   6
1589   0   11.38   1   3.99   4
1590   2   11.74   1   3.61   4
1591   0   10.22   1   3.58   3
1592   0   10.31   1   4.11   3
1593   0   11.74   1   2.83   6
1594   0   11.38   0   4.09   2
1595   0   11.12   0   3.40   4
1596   0   10.53   0   3.53   1
1597   0   11.12   0   3.66   2
1598   1   10.92   1   3.78   2
1599   0   10.39   0   3.30   2
1600   0   10.66   1   3.50   3
1601   0   10.92   1   3.22   3
1602   0   10.66   1   3.58   2
1603   0    9.33   1   3.22   6
1604   0   10.66   1   3.22   2
1605   0   10.66   1   3.40   4
1606   0   11.19   1   3.83   4
1607   0    9.33   1   3.64   8
1608   0   10.92   0   3.56   4
1609   0   10.31   1   4.01   4
1610   0   10.31   1   3.97   5
1611   1   10.39   0   3.47   1
1612   1   11.38   1   3.64   5
1613   0   10.92   1   3.93   2
1614   0   10.92   0   3.95   2
1615   0    9.90   1   4.11   2
1616   3   10.82   1   4.20   3
1617   0   11.38   0   3.87   5
1618   0   10.39   0   3.33   1
1619   3   11.92   1   3.58   4
1620   0   11.12   1   3.50   7
1621   0   11.12   1   3.33   3
1622   0   11.92   1   4.06   3
1623   1   10.82   1   3.89   3
1624   0   10.39   0   3.56   4
1625   0   10.82   1   3.81   3
1626   0   11.12   1   3.43   4
1627   0   10.82   1   2.71   4
1628   0    9.90   1   3.81   5
1629   0   11.12   1   3.53   3
1630   0   10.39   1   3.47   4
1631   0   10.77   0   3.40   2
1632   1   11.74   0   3.97   3
1633   7   11.74   0   4.11   2
1634   0   10.02   0   3.53   1
1635   0   10.82   1   2.89   3
1636   0   11.19   1   3.78   2
1637   0   10.66   1   4.03   2
1638   0   10.82   0   3.91   2
1639   0   11.38   1   3.97   2
1640   0   11.74   1   3.71   4
1641   0   10.92   0   4.13   2
1642   0   11.74   0   3.37   3
1643   0   11.74   1   3.37   5
1644   1   10.66   1   4.16   1
1645   0   12.21   1   3.71   4
1646   0   10.66   1   4.32   2
1647   0   11.38   1   3.74   4
1648   0   11.38   0   3.71   4
1649   0   11.74   1   4.13   2
1650   0   10.77   0   3.99   1
1651   0   11.19   0   2.77   4
1652   0   11.74   1   4.04   2
1653   1   10.92   1   4.06   2
1654   1   11.38   0   4.16   2
1655   0   11.74   0   4.30   2
1656   1   11.38   0   4.06   2
1657   0   10.66   1   2.83   3
1658   0    9.77   1   3.61   3
1659   1   10.82   0   3.64   8
1660   1   11.38   1   4.01   2
1661   6   11.08   1   3.85   4
1662   1   11.08   0   3.91   4
1663   0   11.74   1   2.40   2
1664   0   11.38   1   2.83   5
1665   0   11.38   1   2.64   5
1666   0   11.38   0   3.87   5
1667   0   11.38   0   4.11   2
1668   0   11.92   0   3.66   5
1669   0   10.53   0   3.87   3
1670   0   10.92   1   3.91   4
1671   0    9.77   0   4.14   1
1672   0   10.02   1   3.30   1
1673   0   11.08   0   3.64   5
1674   1   11.08   0   2.64   5
1675   0    9.77   1   3.95   2
1676   0   10.77   0   3.53   2
1677   0   10.92   1   2.77   4
1678   0   10.77   1   3.74   4
1679   0   11.38   0   3.87   5
1680   0   10.92   0   2.64   3
1681   0   10.22   1   4.22   2
1682   1   11.74   1   3.91   2
1683   2   11.38   1   4.03   2
1684   0   11.38   0   3.83   4
1685   0   10.31   1   2.83   5
1686   0   10.31   1   3.85   2
1687   1   10.77   0   3.99   1
1688   0   11.38   1   3.26   6
1689   1   11.38   0   3.00   6
1690   0   11.08   0   3.50   4
1691   0   12.21   1   4.01   2
1692   0   10.82   0   3.37   3
1693   0   11.38   0   4.01   4
1694   1   11.12   0   3.66   5
1695   0   11.38   0   2.48   5
1696   0   10.31   0   4.20   3
1697   0   11.08   1   3.47   4
1698   0   11.08   0   3.53   4
1699   0    9.90   1   3.87   5
1700   0    9.90   0   3.89   5
1701   0   11.12   1   3.61   5
1702   4   11.74   0   4.01   2
1703   0   11.38   1   3.74   4
1704   0   11.38   1   2.64   4
1705   0   11.74   1   4.09   2
1706   0   11.19   1   3.89   3
1707   2   11.74   1   4.06   3
1708   0   11.74   1   3.97   3
1709   0   11.92   0   4.17   3
1710   0   12.07   1   3.81   3
1711   0   12.07   1   2.83   3
1712   0   12.07   0   3.81   3
1713   1   11.74   1   3.87   4
1714   2   11.74   1   2.77   4
1715   0   10.82   1   3.87   5
1716   1   10.82   0   2.48   5
1717   0   11.38   1   3.26   4
1718   0   10.82   1   3.33   3
1719   0    9.33   0   3.22   2
1720   0   10.31   1   3.43   4
1721   0   11.38   1   4.13   4
1722   0   10.31   1   2.94   5
1723   0   11.19   1   3.71   1
1724   21   10.66   1   3.69   4
1725   0   11.38   0   3.18   3
1726   0   10.31   1   3.04   4
1727   2   11.08   1   3.61   2
1728   3   11.08   0   3.78   2
1729   0   11.38   0   3.93   3
1730   0   11.38   1   3.95   2
1731   0   11.38   1   3.97   2
1732   0   11.38   1   3.71   6
1733   0   10.66   1   3.37   4
1734   0   10.31   0   4.28   3
1735   3   10.22   1   3.43   2
1736   0   11.38   1   3.69   3
1737   0   11.38   1   2.83   3
1738   0   11.38   0   3.85   3
1739   0   10.82   1   3.14   4
1740   0   11.38   1   3.74   4
1741   0   11.19   1   3.76   4
1742   0   10.66   1   3.76   3
1743   0   11.74   1   3.66   5
1744   0    9.33   0   3.30   4
1745   0   11.12   1   3.74   4
1746   0   10.39   1   3.30   1
1747   1   11.19   1   4.20   2
1748   0   10.02   0   3.61   2
1749   0   10.82   0   3.09   6
1750   0   10.31   0   3.26   5
1751   0   11.92   1   4.22   3
1752   0   10.82   1   2.94   5
1753   0   11.12   0   3.37   3
1754   0    9.90   1   3.40   3
1755   0   10.82   1   3.53   5
1756   0   10.31   1   3.18   3
1757   0   11.74   1   2.94   5
1758   0   10.82   1   3.26   3
1759   0    9.08   1   4.11   1
1760   0    9.08   1   3.40   1
1761   1   12.07   1   3.85   4
1762   3   11.92   1   3.40   5
1763   1    9.77   0   3.71   4
1764   0   11.12   1   3.50   5
1765   0   11.12   0   3.26   3
1766   0   10.31   1   3.37   4
1767   1   11.12   0   3.37   8
1768   0    9.90   1   2.94   4
1769   0   10.82   1   3.43   2
1770   0   10.31   1   3.56   3
1771   0   11.12   1   3.89   5
1772   2   10.66   1   4.04   1
1773   2   11.08   1   3.76   2
1774   0    9.33   1   3.09   3
1775   0   10.22   1   3.64   4
1776   0   10.82   1   3.69   6
1777   0   11.38   1   3.95   5
1778   0   11.08   0   3.83   1
1779   0   10.66   0   3.43   3
1780   0   10.82   0   3.95   4
1781   0   11.74   1   3.53   2
1782   0   11.12   1   3.85   4
1783   0   11.92   0   2.89   7
1784   1   10.82   1   3.56   7
1785   0   11.12   1   3.43   5
1786   0   10.92   1   3.61   5
1787   0   12.07   1   4.16   2
1788   0   10.31   0   3.37   4
1789   0   10.82   1   3.50   4
1790   0   11.92   1   3.43   4
1791   0   10.31   1   3.89   7
1792   0   10.66   1   3.56   4
1793   11    9.77   1   3.56   6
1794   0   11.12   0   3.61   2
1795   4   10.92   1   3.71   3
1796   1   11.92   1   2.94   5
1797   0   11.38   0   3.33   5
1798   0   10.82   1   3.43   5
1799   15    9.90   1   3.40   5
1800   0   10.31   1   2.71   5
1801   0   10.31   0   3.81   5
1802   4   11.92   1   4.13   4
1803   0   11.38   1   3.69   3
1804   9   11.74   1   3.43   4
1805   0   10.53   0   2.48   4
1806   9   11.74   0   3.83   3
1807   0   10.92   1   3.91   2
1808   0   10.53   1   3.40   3
1809   0   11.74   0   3.76   3
1810   0   10.82   1   4.14   2
1811   0   11.12   1   3.74   3
1812   3   10.92   1   4.08   1
1813   0   11.38   1   3.74   3
1814   0   10.77   0   3.85   1
1815   0   11.38   1   4.14   3
1816   2   11.38   1   3.71   3
1817   0    9.90   0   2.94   5
1818   0   11.08   1   3.81   2
1819   1   11.12   1   3.93   4
1820   0   10.92   1   4.19   2
1821   0   10.31   1   3.04   2
1822   0   11.74   1   3.78   3
1823   0   10.77   0   3.83   2
1824   0   10.31   1   3.14   4
1825   0   10.82   0   3.81   6
1826   0   10.77   0   3.40   2
1827   0   10.02   0   3.33   1
1828   0   11.12   0   3.14   6
1829   0   11.08   1   3.64   3
1830   0   10.22   0   2.89   4
1831   0   10.53   0   4.13   2
1832   1   10.02   0   4.23   1
1833   0   10.22   1   3.56   2
1834   0   10.66   0   3.33   2
1835   0   11.38   0   3.37   2
1836   0   10.02   1   4.20   1
1837   0   10.92   0   3.89   2
1838   0   10.92   1   3.95   3
1839   2   11.38   1   3.78   4
1840   0   11.38   1   2.56   4
1841   1   10.66   1   3.78   2
1842   6   10.77   1   3.74   3
1843   0   10.02   1   3.81   3
1844   2   11.08   1   3.33   3
1845   2    9.77   1   3.87   2
1846   0   10.82   0   3.89   4
1847   0   10.02   0   3.09   4
1848   0   11.38   1   3.87   3
1849   1   10.82   1   3.64   5
1850   0   11.38   0   3.37   4
1851   0   11.74   1   3.91   4
1852   0   11.08   1   3.97   2
1853   0   10.31   0   3.22   3
1854   0    9.77   1   4.04   1
1855   0   11.38   0   3.81   6
1856   0    9.90   1   3.85   2
1857   0   10.39   0   3.40   1
1858   0   11.74   1   2.94   3
1859   0   10.66   1   3.89   5
1860   0   11.12   1   2.40   4
1861   0   10.92   1   3.43   2
1862   1   11.19   1   3.78   4
1863   1   10.92   1   3.47   4
1864   0   11.08   1   3.26   2
1865   0   10.77   0   3.97   3
1866   0   10.31   0   4.09   2
1867   0   10.53   1   3.89   5
1868   0   10.22   0   4.23   2
1869   0   10.92   1   4.19   2
1870   0   10.77   1   3.30   4
1871   0   10.77   0   3.30   4
1872   0   10.82   0   2.56   7
1873   2   10.53   1   4.19   2
1874   0   12.07   0   3.97   2
1875   1   10.22   0   3.47   2
1876   0   10.22   0   4.06   2
1877   11   11.38   1   4.09   2
1878   3    9.33   1   3.30   2
1879   0   10.66   1   2.08   1
1880   0   10.31   1   3.69   4
1881   1   10.92   1   4.14   2
1882   0   10.92   1   4.09   1
1883   0   10.02   1   4.26   2
1884   0   10.82   1   2.77   4
1885   0   10.77   1   3.40   1
1886   0   10.53   0   3.69   1
1887   0   10.92   1   3.97   2
1888   0   11.12   0   3.89   5
1889   0   10.31   1   3.76   5
1890   0   10.31   0   2.71   5
1891   2   10.82   1   3.43   5
1892   0   11.12   0   2.94   3
1893   0   10.82   1   3.91   6
1894   0   11.19   1   3.89   1
1895   2   11.19   1   3.81   2
1896   1   10.92   1   3.87   3
1897   1   11.19   1   3.64   5
1898   6   10.31   1   3.85   2
1899   0   10.82   1   3.91   3
1900   1   10.82   1   3.00   5
1901   0   11.38   1   4.04   3
1902   25   11.08   1   3.53   4
1903   11   11.08   0   3.58   4
1904   0   10.82   1   3.43   4
1905   0   11.38   1   3.71   5
1906   0   10.82   1   3.43   4
1907   0   10.82   1   3.71   5
1908   0   11.38   1   2.64   4
1909   0   11.38   0   3.81   4
1910   0   11.38   0   2.40   4
1911   0   10.39   0   4.08   1
1912   0   11.74   1   3.78   2
1913   0   11.74   1   3.04   4
1914   0   11.74   0   3.97   4
1915   0   10.53   0   3.95   4
1916   0   10.53   0   2.48   4
1917   3   10.82   1   3.14   5
1918   0   11.12   1   2.83   5
1919   0    9.33   1   3.09   3
1920   0   10.82   1   3.66   6
1921   0   10.31   1   3.18   2
1922   0   11.12   0   4.03   3
1923   0    9.90   1   3.74   3
1924   0    9.90   1   2.64   3
1925   0   11.08   1   3.76   4
1926   0   11.08   0   3.78   4
1927   0   10.31   1   3.61   6
1928   0   11.74   0   3.97   5
1929   0   11.12   0   2.71   5
1930   1   10.22   0   3.40   1
1931   0   8.92   1   3.18   2
1932   0   11.38   1   3.95   3
1933   1    9.90   1   3.66   5
1934   0   11.19   1   3.91   3
1935   1   11.19   1   3.71   3
1936   0    9.90   1   3.53   2
1937   0   11.74   1   3.81   4
1938   0    9.90   0   2.77   3
1939   0   11.38   1   3.81   5
1940   0   10.31   1   3.78   5
1941   0   10.66   1   3.69   4
1942   1   10.66   0   2.30   4
1943   0   10.31   1   3.53   6
1944   0   10.92   1   3.47   2
1945   0   10.92   0   3.58   2
1946   0   10.31   1   2.48   3
1947   0   11.19   1   3.91   1
1948   25   10.22   0   3.40   1
1949   2   10.22   0   3.81   1
1950   0   10.53   1   3.50   4
1951   3   10.53   0   3.53   1
1952   0   11.74   1   3.91   2
1953   0   11.38   1   3.78   2
1954   0   11.38   0   4.06   5
1955   0   10.22   1   3.69   2
1956   0   10.82   1   2.89   5
1957   0   10.92   0   3.81   1
1958   0   11.38   0   3.64   2
1959   0   12.07   0   3.76   4
1960   0   10.39   1   3.56   1
1961   1   11.38   1   3.76   2
1962   0   11.38   1   4.06   2
1963   0    9.53   1   3.85   2
1964   0   12.21   1   3.43   3
1965   0   11.38   1   3.43   4
1966   0   10.82   1   3.81   2
1967   0   10.02   1   4.08   3
1968   4   10.82   1   3.64   2
1969   4   11.38   1   3.64   5
1970   0   11.38   0   3.87   3
1971   0   11.08   0   3.97   3
1972   0    9.53   1   3.26   3
1973   0   11.08   0   4.20   2
1974   0   10.66   0   3.85   4
1975   0   10.53   1   3.47   3
1976   1   10.92   0   3.37   2
1977   0   11.19   1   3.64   3
1978   0   11.19   1   2.83   3
1979   2   12.07   0   4.09   1
1980   0   10.77   0   3.61   2
1981   0   11.38   0   3.14   5
1982   0   10.92   1   4.14   1
1983   2   11.08   1   3.61   4
1984   0   11.74   0   3.83   4
1985   14   10.66   1   3.53   5
1986   0   11.19   1   2.71   4
1987   1   10.92   1   3.53   1
1988   0    9.90   1   2.83   2
1989   2   10.92   0   3.43   2
1990   0   11.19   0   4.01   3
1991   0   10.92   0   3.85   6
1992   0   11.12   1   3.74   3
1993   8   10.77   0   3.47   4
1994   0   10.31   0   4.11   3
1995   0   12.07   0   3.81   5
1996   0   10.77   0   3.56   3
1997   0   11.08   0   3.74   4
1998   0   10.66   0   3.87   1
1999   7   11.08   0   3.26   2
2000   0   10.92   0   4.20   2
2001   2   10.39   1   4.11   2
2002   0    9.08   1   3.81   3
2003   1    9.77   1   3.78   1
2004   0   10.39   0   3.87   3
2005   0   11.38   1   3.33   2
2006   1   12.07   0   3.89   2
2007   0   11.08   1   3.43   2
2008   0   11.19   1   2.77   4
2009   7   11.74   1   3.56   3
2010   34   11.74   0   3.56   3
2011   0   10.82   1   3.97   5
2012   0   12.21   0   3.37   2
2013   0   11.38   0   4.03   2
2014   2   10.66   0   3.91   1
2015   0   10.39   0   3.22   5
2016   2   10.02   0   3.47   2
2017   0   11.38   0   3.53   3
2018   0   11.08   1   3.69   4
2019   0   11.12   1   3.95   5
2020   0   10.92   1   3.58   5
2021   0   11.12   1   4.06   2
2022   0   10.92   1   3.47   3
2023   0   11.38   1   3.71   6
2024   0   11.12   1   2.64   4
2025   4   10.31   1   3.53   2
2026   0   10.82   0   3.78   5
2027   0   11.38   1   3.61   5
2028   0   10.92   1   3.47   4
2029   0   10.92   0   3.53   4
2030   0   10.82   1   3.87   4
2031   0   10.53   1   3.53   2
2032   0   10.82   0   3.09   4
2033   0   10.82   1   2.77   4
2034   0   10.82   0   3.71   4
2035   1   10.31   1   3.50   3
2036   0   11.08   0   4.16   3
2037   2   10.82   1   3.71   2
2038   0   10.31   0   3.18   2
2039   0   10.82   0   4.01   3
2040   1   11.08   1   3.78   4
2041   0   11.08   1   3.04   4
2042   1   10.22   1   3.78   3
2043   0   10.82   0   4.03   4
2044   0    9.90   1   2.94   3
2045   1   11.38   0   3.78   8
2046   2    9.53   1   3.61   1
2047   0   10.31   1   3.71   2
2048   0   10.82   0   4.25   3
2049   0   8.92   0   4.11   2
2050   0    9.77   1   3.43   3
2051   0   10.82   1   2.83   4
2052   0   10.82   0   4.04   4
2053   0   10.31   0   3.22   2
2054   0   10.92   1   3.87   2
2055   0   11.19   0   3.71   2
2056   0   10.02   1   3.83   3
2057   0   10.77   1   2.77   4
2058   0   11.74   0   3.78   5
2059   0   10.92   0   4.03   2
2060   0   10.92   0   3.50   2
2061   0   10.02   0   3.66   3
2062   0   10.92   1   2.71   4
2063   0   11.38   0   3.74   1
2064   4   11.08   0   4.25   2
2065   0   10.53   1   3.58   2
2066   0   11.19   0   3.83   2
2067   1   11.38   1   3.89   3
2068   1   10.39   1   3.91   1
2069   2   10.22   0   4.28   2
2070   18   11.08   1   3.37   2
2071   0   10.39   0   4.20   2
2072   7   12.07   0   3.91   4
2073   1   12.07   0   1.39   4
2074   0   10.39   0   3.58   4
2075   0   10.22   0   4.25   3
2076   0   11.08   1   3.81   4
2077   0   11.08   1   2.71   4
2078   0   11.08   0   2.56   4
2079   2   11.08   1   4.01   2
2080   0   11.38   0   3.78   1
2081   0   10.92   0   3.97   3
2082   0   11.74   1   4.04   2
2083   0   11.19   1   3.76   5
2084   0   11.19   1   2.77   5
2085   0   11.19   1   2.56   5
2086   0   11.19   0   3.78   5
2087   0   11.19   0   2.30   5
2088   0   10.39   0   4.08   2
2089   2   10.92   1   4.23   2
2090   0   12.07   1   3.97   3
2091   0   12.07   0   3.93   3
2092   0   10.92   1   2.56   4
2093   0   11.08   0   3.66   3
2094   0   11.38   0   3.89   3
2095   0   11.74   0   2.71   2
2096   0   10.92   1   2.64   2
2097   0   10.31   1   3.78   2
2098   1   10.39   1   3.76   5
2099   2   10.66   0   4.14   2
2100   1   11.74   0   3.95   4
2101   0   11.74   0   3.00   4
2102   0   11.74   1   2.89   4
2103   0   11.74   1   2.71   4
2104   0   11.74   0   3.78   4
2105   0   11.19   0   3.78   3
2106   0   11.08   1   3.74   4
2107   0   8.92   1   3.33   1
2108   0   10.66   1   3.40   1
2109   0   10.22   1   3.83   2
2110   0   10.77   0   4.23   2
2111   1   11.19   0   3.87   3
2112   0   10.39   1   4.11   2
2113   1   11.74   1   3.85   4
2114   0   11.12   0   4.09   3
2115   0   12.07   1   3.91   3
2116   0   12.07   0   2.77   3
2117   3   11.38   0   4.09   3
2118   0    9.90   1   3.09   2
2119   1   11.38   1   3.50   2
2120   0   11.74   1   3.43   3
2121   0   10.77   1   3.95   3
2122   0   10.82   1   3.18   3
2123   0   10.22   0   3.83   3
2124   0   11.38   1   3.61   6
2125   0   11.38   1   3.78   4
2126   0   10.92   0   3.95   4
2127   0   10.92   0   3.09   4
2128   0   10.92   0   2.77   4
2129   0   11.38   0   3.37   1
2130   0   10.77   0   3.83   2
2131   0   10.92   1   3.91   3
2132   0   10.39   1   3.78   5
2133   0   10.92   1   3.97   2
2134   0   10.53   1   4.03   2
2135   0   10.92   1   3.76   2
2136   0   10.77   1   4.01   4
2137   0   11.08   0   4.25   2
2138   2   10.92   1   3.99   2
2139   5   10.92   0   4.03   2
2140   0   10.92   0   3.93   2
2141   0   12.21   1   3.87   4
2142   0   10.92   0   3.99   4
2143   0    9.33   0   4.09   1
2144   0   11.38   1   2.64   4
2145   5   10.92   0   4.16   1
2146   0   10.77   1   2.64   5
2147   1   11.19   1   3.89   2
2148   0    9.33   1   3.97   1
2149   0   11.38   0   3.78   4
2150   1   10.66   0   4.08   2
2151   0   10.66   1   3.61   2
2152   0    9.53   1   4.16   2
2153   4   11.74   1   3.71   3
2154   0   10.92   1   3.69   4
2155   40   11.38   1   3.69   6
2156   2   11.38   0   3.69   6
2157   0   12.07   0   2.77   3
2158   0   10.53   0   4.08   3
2159   0   11.38   1   2.71   4
2160   0   10.53   1   3.47   1
2161   0   11.08   0   3.69   4
2162   0   11.38   1   4.17   2
2163   0   10.92   1   3.58   2
2164   0   10.92   0   3.66   2
2165   4   10.39   1   3.33   2
2166   1   10.39   0   3.37   2
2167   0   11.38   1   2.71   4
2168   0   12.21   1   3.76   6
2169   0   11.74   1   4.03   2
2170   0   11.74   0   4.09   2
2171   0   10.92   0   2.89   4
2172   0   10.66   1   3.99   2
2173   0   11.74   1   3.81   3
2174   2   11.19   0   4.13   2
2175   0   11.08   1   3.91   2
2176   0   10.02   1   3.47   3
2177   4   11.74   1   3.58   4
2178   2   11.08   0   3.83   4
2179   0   11.08   0   2.40   4
2180   0   10.39   1   4.29   2
2181   0   11.38   0   3.56   3
2182   0   11.08   0   3.83   1
2183   0   11.74   1   4.06   2
2184   0   10.39   1   3.97   2
2185   5   10.77   1   3.71   3
2186   0   10.39   1   2.83   2
2187   0   10.53   0   4.03   3
2188   0   10.92   1   3.43   3
2189   0   10.92   0   3.58   3
2190   0   11.19   0   4.25   2
2191   0   11.08   0   4.06   2
2192   3   10.39   1   4.30   2
2193   1   11.38   1   3.78   3
2194   2   11.38   0   3.85   3
2195   0   10.53   1   3.69   6
2196   0   10.66   1   3.78   4
2197   0   10.66   1   2.71   4
2198   3   11.74   0   3.97   5
2199   0   10.77   0   2.77   3
2200   1   10.77   0   4.26   2
2201   0   10.92   1   4.04   3
2202   0   10.92   1   4.01   3
2203   1   11.38   1   4.01   2
2204   14   10.53   1   3.64   4
2205   1   10.53   1   2.64   4
2206   1   10.53   0   3.69   4
2207   0   10.77   1   3.76   3
2208   0   11.08   1   3.85   2
2209   0   11.74   0   3.85   4
2210   0   11.38   0   2.56   4
2211   6   11.74   1   3.99   2
2212   0   10.77   1   3.83   2
2213   0   12.07   1   3.85   2
2214   0   10.53   1   3.76   4
2215   0   10.92   0   3.89   3
2216   0   10.92   1   4.09   2
2217   3   11.38   1   3.47   2
2218   0   10.39   1   3.64   2
2219   1   10.39   1   2.71   4
2220   1   12.07   1   4.01   3
2221   0    9.33   0   3.30   1
2222   1   11.38   0   3.99   2
2223   0   11.38   1   3.97   2
2224   0   11.08   0   4.06   4
2225   0   11.38   1   3.58   7
2226   1   11.38   1   3.37   2
2227   0   10.77   0   4.36   2
2228   3   11.38   1   3.69   4
2229   1   10.53   1   3.91   1
2230   0   11.74   0   4.01   4
2231   3   11.74   0   3.66   4
2232   0   11.38   1   3.89   2
2233   0   11.38   1   3.66   4
2234   0   10.66   1   4.06   2
2235   1   11.08   1   3.53   4
2236   0    9.08   1   3.18   3
2237   0   11.38   1   4.06   2
2238   0   10.92   1   3.66   4
2239   1   8.92   0   3.14   1
2240   0   10.22   0   2.71   2
2241   0   11.38   1   4.01   1
2242   0   11.19   0   3.97   4
2243   0   11.74   1   3.89   2
2244   1   11.38   1   3.50   5
2245   0   11.74   1   3.91   2
2246   1   11.38   0   3.00   5
2247   0   10.92   0   3.30   2
2248   0   11.38   0   4.29   2
2249   0   11.19   1   3.58   5
2250   6   11.08   0   3.97   4
2251   0   10.92   1   4.25   2
2252   0   10.92   0   4.28   2
2253   5   10.66   1   3.78   3
2254   0   11.74   0   3.83   4
2255   0   11.38   0   3.95   3
2256   1   11.74   1   3.30   2
2257   3   10.39   1   4.25   3
2258   0   11.38   0   3.91   2
2259   0   11.19   1   2.71   4
2260   0   11.08   0   4.14   2
2261   0   10.66   0   3.83   3
2262   2   11.74   1   3.71   4
2263   1   11.19   1   3.71   1
2264   0   12.07   1   4.17   2
2265   0   11.74   1   3.95   2
2266   0   11.08   1   3.99   2
2267   0   11.38   1   3.71   2
2268   2   11.38   1   3.58   3
2269   0   11.74   0   4.06   2
2270   11   11.38   1   4.14   2
2271   0   11.38   0   3.81   3
2272   0   11.38   1   4.08   2
2273   0   10.92   0   3.83   3
2274   0   10.66   1   3.69   8
2275   0   11.38   1   3.58   3
2276   0   11.38   0   3.74   3
2277   0   8.92   1   3.99   1
2278   0   11.74   0   3.78   3
2279   0   10.66   0   3.30   1
2280   3   11.19   0   3.83   3
2281   0   11.19   1   3.93   2
2282   1   10.92   1   3.56   3
2283   9   11.38   0   4.20   2
2284   0   10.66   1   3.64   3
2285   1   11.38   1   3.71   5
2286   0   11.38   1   2.64   5
2287   2   10.92   1   3.87   5
2288   1   10.92   1   2.83   5
2289   2    9.77   1   3.30   1
2290   0   11.38   1   3.74   6
2291   0   11.38   1   3.87   2
2292   9   11.74   1   3.61   4
2293   0   10.92   1   4.01   2
2294   0   10.92   1   3.53   4
2295   0   11.74   1   3.93   2
2296   1   11.19   1   3.53   5
2297   10   10.39   1   3.47   3
2298   5   10.39   0   3.50   3
2299   0   10.53   0   3.53   5
2300   0   11.38   1   3.50   3
2301   0   11.38   0   4.14   3
2302   1   11.38   0   4.06   3
2303   0   11.38   0   4.22   2
2304   0   10.39   0   4.30   1
2305   0   10.22   1   4.20   2
2306   0   10.02   1   3.43   2
2307   1   11.19   1   3.69   3
2308   1   11.38   1   3.87   1
2309   0    9.77   0   3.14   1
2310   0   11.38   1   2.56   4
2311   0   10.77   1   4.25   2
2312   0   10.77   1   3.85   2
2313   1   10.77   0   3.85   2
2314   0   11.38   0   3.83   3
2315   1   11.74   0   4.08   2
2316   0   10.92   1   3.58   4
2317   0   12.07   0   4.04   2
2318   1   10.02   0   3.47   1
2319   0   10.92   1   2.83   3
2320   0   10.22   0   3.95   4
2321   0   11.38   0   3.56   3
2322   0   10.53   1   3.66   3
2323   0   10.22   0   3.37   1
2324   0   11.38   0   3.93   3
2325   0   10.53   1   3.43   4
2326   0   11.08   1   2.64   3
2327   0   10.77   0   3.53   4
2328   0   10.66   1   3.74   1
2329   0   10.53   1   2.77   3
2330   0    9.77   0   3.74   5
2331   0   11.74   0   4.08   4
2332   0   10.53   1   3.64   4
2333   1   11.74   1   3.74   2
2334   0   10.66   1   3.64   4
2335   0   11.74   0   4.04   2
2336   0   10.66   1   3.76   2
2337   1   10.92   1   4.01   4
2338   0   10.39   0   3.89   3
2339   3   11.19   1   3.56   5
2340   0   11.19   0   3.58   5
2341   0   11.08   0   3.64   2
2342   0    9.77   0   3.04   2
2343   0   11.74   1   2.77   4
2344   0   11.74   0   2.48   4
2345   9   11.38   0   4.03   1
2346   0   11.38   1   3.33   2
2347   0   10.66   1   3.61   3
2348   0   10.66   1   3.58   6
2349   1   10.92   1   3.74   2
2350   0   10.39   1   3.56   3
2351   1   11.08   1   3.50   3
2352   1   10.92   1   3.37   4
2353   1   10.66   1   3.87   2
2354   0   10.92   1   3.30   3
2355   0   10.66   1   3.66   6
2356   0   10.66   0   3.69   6
2357   0   10.66   0   2.64   6
2358   0   10.66   1   2.77   2
2359   0   10.39   1   3.76   4
2360   0   11.08   1   3.26   2
2361   0   11.08   0   3.66   2
2362   2   10.39   0   3.56   1
2363   0   11.38   1   3.50   2
2364   0   11.74   0   4.08   2
2365   1   11.74   1   3.89   2
2366   0   10.66   1   3.40   2
2367   0   11.08   1   3.78   4
2368   0   11.08   1   2.56   4
2369   0   8.92   1   3.09   2
2370   0   12.21   1   3.50   4
2371   0   10.22   1   3.97   2
2372   1   11.38   1   3.53   2
2373   0   8.92   1   4.25   1
2374   0   10.92   1   3.53   5
2375   0   10.22   1   3.26   4
2376   0   10.77   0   4.04   1
2377   0   10.66   0   3.33   1
2378   3   10.39   0   3.26   3
2379   2   10.92   1   3.91   2
2380   0   10.02   0   3.09   2
2381   0   10.02   1   3.43   3
2382   0   10.39   0   3.87   3
2383   0   12.07   1   3.53   4
2384   0   10.66   1   3.95   1
2385   1   10.66   1   4.01   4
2386   0   11.38   1   3.74   2
2387   0   10.22   0   3.00   4
2388   0   10.77   1   2.48   3
2389   0   10.53   1   3.26   2
2390   0   11.08   1   3.04   3
2391   0   10.02   1   3.18   2
2392   0   11.19   1   3.95   3
2393   0   10.92   1   3.95   3
2394   0   10.66   1   3.22   2
2395   8   10.66   1   3.85   2
2396   1   10.66   1   2.56   2
2397   0   10.66   1   3.58   2
2398   0   10.22   1   3.93   1
2399   0   11.38   0   4.11   4
2400   0   11.74   0   3.53   4
2401   0    9.77   0   2.71   9
2402   1   10.92   0   4.19   2
2403   0   10.77   1   3.91   2
2404   2   11.38   0   3.47   2
2405   0   11.08   1   3.78   6
2406   0   11.08   1   2.64   6
2407   5   10.92   1   3.76   5
2408   1   10.92   0   2.64   5
2409   0   10.92   0   2.48   5
2410   0   10.02   1   3.74   4
2411   0   10.92   0   3.69   6
2412   0   10.39   1   3.71   5
2413   0   10.66   1   3.22   3
2414   0   10.66   1   3.30   2
2415   0   10.53   1   3.33   2
2416   0   10.53   1   3.43   2
2417   0   10.77   1   4.13   3
2418   0    9.53   0   3.22   2
2419   1   10.92   0   4.06   2
2420   0   11.38   1   3.76   2
2421   0   10.77   0   3.58   3
2422   0   11.74   0   3.85   5
2423   0   11.08   1   3.81   4
2424   0   11.08   1   2.71   4
2425   0   11.08   0   3.85   4
2426   0   12.07   0   4.04   2
2427   0   10.22   0   4.03   1
2428   2   10.39   1   4.11   3
2429   12   11.08   1   3.61   2
2430   0   10.39   0   3.26   1
2431   1   10.92   0   3.43   2
2432   0    9.77   0   3.09   1
2433   0   11.74   1   3.76   2
2434   0   11.19   0   3.81   2
2435   0   10.66   1   3.91   3
2436   0   11.38   0   3.76   4
2437   0   11.38   1   3.83   4
2438   0   10.02   0   4.23   2
2439   0   10.92   0   3.78   1
2440   0   11.08   1   4.06   2
2441   0   10.66   0   3.91   3
2442   0   10.92   0   3.33   2
2443   0   10.22   1   3.09   2
2444   0   10.77   1   3.53   1
2445   0   10.92   1   3.47   3
2446   1   11.19   0   3.85   5
2447   0   11.08   1   3.58   4
2448   0   11.74   0   3.61   4
2449   1   10.92   1   4.16   1
2450   0   11.38   0   3.85   4
2451   0   10.22   0   2.56   4
2452   0   10.77   0   3.85   4
2453   2   10.92   1   3.58   4
2454   0   10.66   1   3.69   2
2455   0    9.33   1   3.76   3
2456   0   10.39   1   3.81   3
2457   0   10.39   1   2.71   3
2458   1   10.77   1   4.04   2
2459   0   11.19   1   3.50   3
2460   0   11.74   1   3.95   3
2461   0   10.53   0   3.76   1
2462   2   8.92   0   3.43   1
2463   0   10.77   1   3.53   5
2464   3   10.02   0   4.26   1
2465   1   11.08   1   3.95   2
2466   0   10.53   1   4.09   1
2467   11  11.74   1   4.13   1
2468   1   11.19   1   3.58   2
2469   0   11.08   1   3.50   2
2470   2   10.77   1   3.58   3
2471   0   10.39   0   3.14   3
2472   0   11.74   0   3.81   3
2473   1   10.39   1   3.93   2
2474   0   10.39   1   2.94   4
2475   0   11.08   1   3.89   4
2476   0   11.38   0   3.89   6
2477   3   11.19   0   3.56   4
2478   0   10.66   1   3.58   4
2479   0   11.08   1   3.61   2
2480   0   10.39   1   2.77   5
2481   0   11.08   1   3.85   4
2482   0   10.31   0   2.83   4
2483   4   11.08   1   3.95   2
2484   0   11.38   0   3.85   5
2485   0   10.77   0   3.58   3
2486   1   11.38   1   4.06   2
2487   2   11.38   0   4.09   2
2488   1   11.08   1   4.01   2
2489   0   11.19   0   4.20   2
2490   0    9.53   0   3.37   5
2491   0   10.39   1   3.61   5
2492   0   10.39   0   2.56   5
2493   0   10.39   0   2.40   5
2494   5   11.19   1   3.71   2
2495   1   11.38   1   3.58   4
2496   5   11.38   0   3.50   2
2497   0   10.66   1   3.58   4
2498   0   10.92   0   3.53   3
2499   2   10.39   0   3.53   4
2500   0   11.74   1   3.66   3
2501   0   10.92   1   3.47   3
2502   0   11.74   1   3.69   4
2503   0   11.08   1   4.13   4
2504   0   10.92   0   3.91   3
2505   0   10.53   1   3.99   2
2506   0   11.19   1   4.08   2
2507   0   11.19   1   3.22   4
2508   0   11.74   1   3.69   4
2509   1   11.74   1   3.71   3
2510   0   11.38   1   3.97   1
2511   0   11.19   1   2.83   5
2512   0   10.02   1   3.00   4
2513   1   12.21   1   3.50   5
2514   0   10.92   1   3.40   2
2515   1   11.74   1   3.71   7
2516   1   11.38   1   3.76   5
2517   1    9.53   1   3.09   4
2518   2   11.74   1   3.71   2
2519   0   12.21   0   3.83   5
2520   0   11.19   0   3.78   1
2521   0   10.53   0   2.56   3
2522   0   10.92   1   3.64   3
2523   0   11.19   1   3.61   5
2524   0   11.19   1   2.30   5
2525   0   11.38   1   3.53   3
2526   0   10.53   1   3.43   3
2527   0   10.92   1   3.76   5
2528   0   10.92   1   2.71   5
2529   0    9.53   1   3.18   1
2530   0   10.92   1   3.81   1
2531   0   10.92   1   3.37   1
2532   0   10.92   0   2.83   4
2533   1   10.92   1   3.50   4
2534   2   11.74   1   3.81   1
2535   7   10.92   1   4.08   2
2536   0   11.19   1   4.06   2
2537   0   11.38   1   2.94   3
2538   0   10.92   1   3.61   4
2539   1   10.92   1   3.91   3
2540   0   10.92   1   2.56   3
2541   0   11.38   1   2.77   3
2542   1   11.38   1   4.06   2
2543   0    9.53   1   3.00   2
2544   0   10.92   1   3.47   2
2545   0   11.38   1   3.50   3
2546   0   12.21   1   3.56   6
2547   3   12.21   1   3.64   3
2548   1   11.74   1   3.85   3
2549   12  10.92   1   4.06   3
2550   2   10.53   1   3.87   1
2551   0    9.53   1   3.14   1
2552   0   11.74   1   3.37   2
2553   0   10.53   1   3.43   2
2554   0   10.02   0   3.14   2
2555   1   10.92   1   3.71   3
2556   1   10.92   0   4.14   2
2557   0   11.19   1   3.14   6
2558   0   10.92   1   3.74   5
2559   0   11.38   0   3.87   2
2560   0   10.92   1   3.40   4
2561   0   11.38   1   3.71   3
2562   0   11.38   0   3.83   3
2563   0   11.38   1   3.40   2
2564   0   10.53   1   3.85   4
2565   0   11.19   1   3.87   2
2566   3   11.74   1   3.97   2
2567   0   10.92   1   3.30   2
2568   0   10.92   1   3.81   1
2569   0   11.19   1   3.74   3
2570   0   11.19   1   3.04   3
2571   1   10.92   0   4.22   2
2572   3   11.38   1   4.08   3
2573   0   11.19   0   3.40   2
2574   0   10.92   1   3.74   2
2575   0   11.19   1   3.83   4
2576   0   11.19   0   2.83   4
2577   1   11.19   1   3.37   4
2578   0   10.92   1   3.53   6
2579   0   10.02   1   2.56   4
2580   0   10.53   1   3.33   3
2581   0   11.74   1   3.66   4
2582   0   10.92   0   3.71   2
2583   4   11.19   1   3.50   4
2584   0   11.19   1   4.04   5
2585   0   11.19   1   3.30   5
2586   0   10.02   1   3.66   4
2587   0   12.21   0   3.09   4
2588   1   11.19   0   2.71   3
2589   0   10.53   0   3.93   5
2590   0   11.38   1   3.74   3
2591   0   11.38   1   2.64   3
2592   0   10.92   1   3.26   4
2593   0   11.38   1   3.81   2
2594   0   10.53   1   3.22   2
2595   0   10.92   1   3.50   4
2596   1   11.38   1   3.71   4
2597   0   11.38   1   2.64   4
2598   0   10.92   0   2.56   6
2599   0   11.38   1   2.83   4
2600   0   10.92   1   3.61   3
2601   0   11.74   1   3.43   4
2602   0   11.19   1   3.69   4
2603   0   11.19   0   3.78   4
2604   1   10.92   0   3.81   4
2605   0   10.53   1   2.56   3
2606   0   11.74   1   2.83   5
2607   0   11.38   1   3.76   2
2608   0   11.74   0   3.83   2
2609   0   11.38   1   3.00   3
2610   0   10.53   1   3.40   4
2611   0   10.53   0   3.40   4
2612   0   11.38   1   3.81   4
2613   0   12.21   1   2.83   3
2614   0   11.38   1   2.89   3
2615   0   11.74   1   2.56   5
2616   1   11.38   1   3.83   3
2617   0   10.92   1   3.87   2
2618   0   10.53   1   3.95   1
2619   0   10.92   1   3.64   3
2620   0   10.92   1   2.71   3
2621   0   10.92   1   2.71   6
2622   0   10.92   0   3.69   6
2623   0   10.92   1   2.64   4
2624   4   10.92   1   3.09   2
2625   0   10.02   1   4.11   2
2626   0   11.74   1   3.18   3
2627   0   11.38   0   3.50   4
2628   0   10.53   1   2.94   4
2629   0   10.92   1   3.33   4
2630   3   11.38   1   3.66   5
2631   0   10.92   1   3.37   3
2632   1    9.53   1   3.09   1
2633   1   10.92   1   3.97   2
2634   0   10.92   1   3.61   2
2635   0   10.92   1   2.56   4
2636   0   11.38   0   2.40   4
2637   0   10.92   1   2.64   2
2638   0   11.19   1   3.89   3
2639   0   11.19   1   3.26   4
2640   0   10.92   1   2.94   3
2641   0   11.74   1   3.47   2
2642   1   10.92   1   2.77   2
2643   0   11.38   1   2.64   6
2644   0   11.74   1   3.69   4
2645   2   11.74   1   3.83   4
2646   0   11.74   0   2.64   4
2647   0   10.92   1   2.71   3
2648   0   11.74   0   3.50   2
2649   0   11.19   1   3.85   4
2650   0   10.53   0   3.95   1
2651   0   12.21   1   4.06   3
2652   4   11.38   1   3.47   4
2653   0   10.53   1   3.04   4
2654   4   10.92   1   3.76   4
2655   0    9.53   1   3.18   1
2656   0   10.53   0   3.97   4
2657   1   10.53   1   4.26   1
2658   10  11.38   1   3.97   3
2659   0   11.19   1   3.14   5
2660   4   11.19   1   3.93   3
2661   1   11.38   1   3.78   2
2662   0   11.19   1   2.89   4
2663   0   10.92   1   3.85   1
2664   0   10.53   1   3.76   3
2665   0   11.74   1   3.33   2
2666   17  10.53   1   3.71   4
2667   1   10.92   1   3.76   2
2668   0   11.38   1   3.53   4
2669   0   11.38   1   3.97   3
2670   0   11.19   1   4.04   2
2671   1   11.19   1   3.71   6
2672   0   10.92   1   3.91   2
2673   0   10.53   1   3.47   1
2674   0   11.38   1   3.04   4
2675   0   11.38   1   3.53   4
2676   0   10.53   1   2.71   2
2677   0   11.19   1   4.11   2
2678   0   10.53   1   3.00   4
2679   0   10.92   0   3.71   4
2680   0   11.19   1   3.97   2
2681   0   11.19   1   3.00   3
2682   0   11.74   1   3.87   2
2683   0   10.53   0   3.26   1
2684   0   10.92   1   3.74   5
2685   0   10.92   1   3.37   2
2686   0   11.38   0   3.43   2
2687   0   11.38   1   2.83   6
2688   0   10.53   1   3.47   4
2689   0   10.92   0   4.08   2
2690   0   10.53   1   3.61   2
2691   0   10.53   0   2.71   2
2692   0   10.92   1   3.61   4
2693   0   11.19   1   3.61   1
2694   0   10.92   1   3.78   1
2695   0   10.02   1   3.97   2
2696   0   10.92   1   3.91   2
2697   49  11.19   1   3.37   4
2698   0   11.19   1   3.22   4
2699   0   10.02   1   2.56   5
2700   0   11.74   1   4.01   2
2701   0   10.53   1   3.83   1
2702   0   12.21   1   3.99   3
2703   0   11.19   0   3.37   3
2704   0   11.74   1   3.99   3
2705   6   11.74   1   3.33   4
2706   0   11.38   1   3.14   3
2707   1   12.21   1   3.58   4
2708   4   11.38   1   3.71   3
2709   0   12.21   1   3.78   4
2710   0   12.21   1   2.77   4
2711   0   12.21   0   2.48   4
2712   0   10.02   1   3.00   2
2713   0   11.38   1   3.93   2
2714   0   11.38   0   3.69   2
2715   2   10.92   1   3.50   2
2716   0   10.53   0   2.64   5
2717   1   10.53   1   3.66   1
2718   0   10.92   0   3.50   2
2719   0   10.92   1   2.77   5
2720   0   10.92   0   3.71   5
2721   0   10.92   1   4.06   3
2722   0   11.74   1   3.83   4
2723   0   11.19   1   3.43   2
2724   0    9.53   1   2.94   2
2725   0   11.38   0   3.97   2
2726   0   11.19   1   3.04   3
2727   0   10.53   1   2.89   4
2728   0   11.74   1   2.83   3
